17.3180694955897 67.8603372259783
-2.47083137554043 36.0339056260469
-0.741773699285086 -81.9997183699159
2.30447259470047 -33.7529996919003
-1.66320844566609 -35.892553062408
44.2199280317469 81.2422216827889
-34.3198305114272 -75.8379628959742
4.04176298241914 24.5992480225623
1.57682014447634 -25.0544826116254
91.8789744631331 -7.12540173116702
-13.0860765183944 20.2457075144262
-15.685528496604 -33.3090668446901
-7.04527336166489 25.0582015315942
-1.48443256214136 -33.8539121463321
-18.7106382112703 22.2014112600591
-88.5169269609442 -37.5390031875217
-3.50201141131745 -35.0401021877377
-9.17147620671116 -26.2839474983135
16.6803981177745 -93.4535349419512
-11.3001039303618 32.3531813579162
-4.46023768327631 -38.6486996688208
54.3042049833979 -73.8780853327697
-21.2815944491649 32.7269662029575
-69.0461656494748 33.5976900517882
92.5495075725337 36.113504060239
-1.28794816988332 22.6764715193028
80.2681792609979 41.5676142374536
-9.50179067364139 -34.7713293985053
-0.857913489756292 21.6892129645348
-17.8505868788699 38.265207560607
-24.0858608877065 34.1236549825005
86.3205514541792 -50.318119323892
-17.5412329679235 -22.5531280819843
-23.6514508780412 -37.0833222596055
-20.8168191335439 -27.9351405659061
-22.5433537493013 39.7079990158758
-18.7172108588755 29.3572507728302
-0.794588619817489 -20.7421698216842
-12.1617133209628 -29.5669571014626
-14.2393710177605 -26.3870626754301
-21.2978933027813 -21.0749244409874
-20.7036084275073 91.6553699643609
-50.1239229359707 85.5175936712789
-15.8938585354705 -21.4328116051067
-83.0209457788898 26.7617141072128
-74.3887423373257 17.731961873019
-4.61573274669295 32.5837659551685
-20.6873357143754 39.8931477468249
-1.17086792034709 27.7237973032521
3.94369940210836 -27.9623031569573
-15.9097444873244 20.4215410489387
-3.83542978683074 32.7343862523158
-24.1928849783751 -33.2782990187692
3.39675155585866 -23.7726873254882
-9.44129581196083 24.6959683788658
-72.6966102428122 60.3380599422371
-75.1883532226724 -51.6589844616506
-2.86073222830808 -20.5213847702341
44.242209731526 75.0380619501167
80.745767093415 1.38610323753423
0.0313516560921201 -21.0773487645534
-12.9270264587302 20.7191808300258
-24.7429433257659 25.6793383116413
-19.5926183804894 34.5409970956268
0.534132913905161 29.5287243682509
-3.42865746641535 -77.1843624502084
-21.3946886582155 -32.6783495772936
0.71143451432981 -37.9726448165176
-10.3029435902068 38.2196666821349
64.1628887897162 54.4560559034098
-19.614612678534 35.2916117964516
-15.2452594459947 39.6076483247344
-12.5277827007488 36.4898996909517
-10.2369442652959 34.4082235897358
-18.8519487567907 28.3922103522842
-45.3611153177402 61.7295766262833
77.9412424935621 39.1642034745317
-26.61564022421 88.9445789028655
10.2751883148614 -83.3379923065091
-18.8205317627492 -23.0432649542696
-47.3459666363338 72.8605377006762
-4.54042835036248 24.9553726313983
-87.9134379511356 -1.18650314779151
-61.0057459475614 62.688801936934
-4.54577612797447 31.7251524323402
87.9479339429494 37.4507940926242
-0.652718578510338 -24.147152755687
96.7423554861708 -21.5883092938262
-39.3098305088209 62.5754604160242
3.20995099122499 -38.0810802246926
83.8748947036968 41.8926772090789
-21.86146167116 32.0453878476737
-10.1395610147487 30.3285506582606
-9.79346480535298 37.3861800549862
76.0739343299587 -0.727548325279133
-52.3503626427673 64.0682504590722
95.9350141384105 1.2440170157672
-2.28649599199045 -31.6217473962805
-22.9980763887479 -37.4950543936536
-22.0292322635959 33.0305651492275
-24.7765238546675 -22.6309237282132
3.52313931872658 24.4768287513842
-5.12809921167392 27.5375186912812
2.52436420871 35.8312550669375
61.7274257310514 -45.4626457883416
-7.48868113260542 27.675941610913
-16.0464957049429 37.3658341958127
38.721974123463 77.0927035086451
-11.9855199402648 -36.6976065805059
4.47144584053603 -33.5403299875423
-20.8006232115102 -31.9931519768083
60.2374193591136 63.2165553306156
-4.81800149094763 -30.3312772003432
-5.24180449073 36.3703582060797
-23.5552544639593 21.5193897619865
-21.519762929853 -21.4694435624123
44.8796265845079 -72.9252322228347
3.26598364184548 -37.6854991995628
-1.51863974933011 39.1429381204274
-6.27994200682785 36.4003729133258
-15.1309851485683 -78.422753903687
-8.66055851610852 -27.5685394065865
-19.4896198191957 -32.8236016627581
-11.9172395822611 31.6069846814448
28.0566784642724 71.1310912912906
-8.14644466978223 37.9855781859823
14.4985283258951 -95.6614899173322
-86.9402891102515 -29.079068244069
-19.3998508140347 -34.6042413204674
-17.3268330189562 -33.8110971971658
-39.9739177959939 -82.2827680282716
-10.2775591883535 32.6922656093901
-7.92573094993724 24.3658675033524
-11.5748434413618 -36.9388701776131
-15.0581020529336 -31.7237081293841
-10.3576365158283 -28.2347096143503
-13.5217550529449 28.5625682897046
0.568013132519667 -21.4857216052169
4.81875431360447 39.1822546987292
-96.0206107828973 2.18265442888276
74.9308177654876 33.2706383332997
12.4824793069653 -91.8485612775989
44.3797850061716 81.1288037134523
4.2890916978579 -34.7952990956652
2.20216666777308 -30.3737204671842
-72.4200429564864 -9.95053548864042
-2.38157841855315 -20.9386879348354
-9.66588245332339 -35.7489121543725
-6.27412791122151 25.6996438537126
-25.0056266711365 88.9772592966
43.9540320128169 60.5054821719533
-16.4672059072426 -27.0114647375323
-21.1366900851169 35.1667729015116
-1.87389514511412 -80.7118072211481
-83.3819209901542 -35.5406657634251
87.8850334479441 9.04650884831399
-2.71853168715818 -26.2881389001942
-22.6129215723796 36.0079817321634
-75.4119943824306 63.9736764032122
-18.3894835733664 35.9501428317264
-3.01944212749245 29.8912528921636
19.7780702845354 -88.6182606364714
-22.2588255904488 -38.338670623544
0.461805073228376 -33.0635954833421
-14.8312733462116 -33.1376326891288
1.81894146598751 36.7725659653514
-13.6641476897529 29.8937149397331
3.66710177706473 -35.1666800706329
-20.0823087014174 22.2065163716832
-56.2889072879757 56.6499505158299
-19.1007279089444 -32.0458114120073
-6.67405272674991 37.4369959647472
-3.24499174369503 37.8547182085819
86.1556965878143 -25.1616031502865
-91.2278609422392 27.7070371303438
-77.2666813472034 -3.34562033508732
-23.3783392178868 -68.6292614658194
88.0629415876252 32.0986767481415
4.56365038057509 -36.0137738890235
-18.2498230353793 22.1156070774688
-3.36421288272117 38.8588520963518
2.70600899226139 -37.6947402127802
-16.5892430339301 -89.6969283555254
-3.27091886527676 34.3050872468842
-22.3787431338382 30.6603827802223
-15.7129985543118 -24.2642934475477
-99.9453572559335 3.12579732035803
-11.9421895306605 20.0741675421354
-14.7381478206004 38.3703321793959
2.08890856045684 26.3757532222707
-17.2347053271162 35.1191148465234
47.6092653123633 65.8926852398881
4.09340058261595 70.6297315782084
-16.1806119145631 22.8025261630379
-11.5285941424465 38.6695194809606
-11.769352312702 21.3270369785649
-10.5171182760456 30.0118992180435
-15.0664630827137 -31.9966876593741
-51.5213193046254 73.0777108705233
-17.202467325049 38.7499411840491
-9.15921699377517 26.8424591296673
3.42274530643166 33.7263893203099
-2.48964577853588 24.0052567119606
-17.6462887407983 -34.8233032894129
34.9978093541108 -61.6658999028889
-18.3150697915664 34.8804202371554
4.16043889111815 -39.5443640762123
1.71126497106776 -26.0569072571094
46.011749317059 54.5305458725839
9.58938148736523 -79.2013367935451
-23.249666203089 -31.0919304320755
-13.7256912266844 31.7487165924828
2.44555043588708 -37.6544370808242
-17.4039987459591 -37.3480323016428
3.31887622822929 -24.889526105154
-29.9772616406658 -67.8861241664076
-4.98342837444508 31.354266344847
-20.8726926411255 -30.3650756686422
-77.6464121576036 52.2393333913316
-14.3524018081869 26.602378726292
-18.6737484641666 38.3580622669805
-21.081530740426 20.3691586655754
-22.9410531712992 -37.2281420468055
-20.2915327738315 88.6941844759474
-18.7863013390435 27.287184802646
-15.1184507257601 39.0752522765835
-11.2858776791508 -23.4000460740624
-0.726741452487616 32.6497461559287
-24.3898838241979 22.0809659554178
-2.21347861601345 -37.3641366394269
-71.052593281647 -60.6378258674049
-9.72952221168889 38.5104074965562
-49.5458310787565 -58.716744297363
-5.76382992378536 89.1502840744155
92.6192526008646 -4.14639731478232
-17.8272101632221 37.3073708740392
61.0639690304774 57.3776641563425
-9.22846131528331 -23.2719412781051
-24.9711276425095 -27.7700335835065
-23.117117296164 -22.8558965473668
49.1793130883957 64.0539680693988
-15.4620872277893 -23.6918953266714
4.16606387567224 27.1827816380191
-19.7856120906284 35.8712417275429
4.79430196880163 25.7290387001026
-23.4157341659554 21.5021520504593
-5.86259501808517 33.1436057771101
-20.4442500976995 27.8412957730819
-24.462158930396 -38.7394642714094
2.00900378486878 28.9666673306485
-12.5703473225751 36.8937143671245
-76.7252606969282 -3.82344934146736
30.8481098552439 75.8760055777072
-5.78864912365532 -32.181859987184
67.7680810717666 -23.8943789147217
-18.968635930631 38.820130493699
54.8103095912354 -47.8204217988611
-14.4440116401442 38.3382768932658
61.6835821684618 45.7496168796969
-7.19031533043172 28.3836891612881
-13.4672935174741 28.2645570775779
-16.1037718292383 -32.5112885994928
-3.30025436426983 -34.2550454226874
-15.4999079174245 32.0208770980872
-6.30290829484405 -27.5226655501808
-21.2961451832781 -29.6314378510797
-13.4481146749487 -35.7499015074394
-7.15001506976286 -39.448702093109
-16.8390931895929 27.3903132868892
-0.19013546115616 -20.5744417060298
-11.3708331244121 -31.48791146238
-15.2187413892923 -30.0317750202863
24.9558937097638 88.6070220877949
3.90277923970658 29.7357369913974
91.1425175435797 -7.06564484814813
-0.652881058795245 -20.0324109045372
-8.63754953424813 -35.1341456753207
0.00493551166215411 27.6893165294178
-11.9260474457588 23.8404926620969
22.8556697931287 92.4886714518519
-46.3454612706108 -83.1333061790081
-93.9832072788433 -23.0152533716977
-77.7783984762682 23.9786488446245
4.08737236485443 -35.7774206021222
-21.9528858288349 20.2185214784149
-3.69245455405064 -23.4402873828645
72.8420853077817 -35.5070693134749
-23.59659157212 -28.2730779147813
-12.5850369736414 -37.2115868583234
-5.89281127665274 26.7371577370242
68.3524694713912 70.7161725119215
-57.3311857740945 50.0379608431756
-19.3956934145707 22.7045815803311
-0.826347846212059 -37.4723494903684
-24.0797461437859 -34.4885715988424
-0.0404832898441754 -31.6307128723833
-2.29029606151979 29.2286197116243
-12.9754934869915 31.6979691915126
-20.0673746567599 33.22852019509
-23.5110939990833 -25.5987950080519
-37.7780345922795 60.732551898036
0.222903565379511 -37.7288721319217
3.84697511045911 25.2776556300701
9.73305569749828 -72.2584114475774
-11.9993501809236 -38.8334088099049
3.76015183847031 -36.068464032007
-87.2615958845542 -19.6661001980532
-6.75792828643246 -35.1562700165668
60.2205584091238 47.0232249448443
-11.8393591805736 -20.7879722745178
46.7676928558111 58.9415399431862
3.09576251544179 38.1958864118217
45.8680165979772 -53.5952208727672
-17.1437725314247 -21.7777445816298
-0.968144620075471 -26.6219437311203
0.520996805479612 20.2471362880274
1.48735435622957 88.7540326196343
-17.8906309493431 -20.8390123049804
-2.93870291937512 27.0294834229055
2.32515842379406 -77.9681219723145
2.10738512089499 93.9861433259703
-8.76562857188034 37.8366810855702
-9.88469258327786 31.858201703814
-11.4172047606218 -31.4635747446201
-77.5084306030124 -29.876289042686
-10.0059559809748 37.8427051219763
-8.86081146767598 38.5545586955551
3.8047193424763 22.7368526553328
-2.51598529269753 23.2361265330849
-19.0890165307225 21.0247056173203
-1.84032706278106 33.2387218334939
-1.951853683236 -20.7162808085284
-10.9271966423408 24.9160118300435
29.5733279235102 -95.1410115117039
-24.3542480916031 -21.7849590459564
2.89750692792929 -35.851551223716
-16.5378886903502 -33.7861635736789
2.60022124212142 29.7884476899393
-11.6631727158002 -27.6401908016483
2.20290449208044 22.0758087514601
-6.60285348763269 73.7331396451499
-78.3956119140546 -28.0583132842034
-7.66615476048859 -21.1651500947674
-7.3592097025243 25.6727296412708
-2.49411324867307 -28.9727435626855
-6.97608100372875 32.3147169655747
-8.58080150095294 -24.0573976322027
-7.44952978101516 38.6507165983939
-18.9954166651027 -37.6081008564407
-23.4309283168938 -23.0921802127664
-2.26359678294031 87.2804961173646
-11.4963995549344 -85.7529691777867
-7.51756936777124 38.9800303942064
-66.4968195448227 65.5119316559199
8.53107374210344 82.2554191088268
-1.26172612049409 -32.9014345862667
-10.162500753528 37.1886346200861
-24.5518079995011 25.3906837673356
-17.2807987456821 -30.2054337546518
-16.7594779979952 37.9501907060745
-44.2386686737965 -77.9088241132768
-2.12472109625779 -36.0137348813182
-15.8864940436182 31.2917794334372
2.52664672186789 -39.8865554043844
1.01181213249705 -93.4258358160541
-5.67035186663816 30.4268549861747
-17.8516416991559 -37.1654093832744
-5.67733271686755 30.8903438227161
-5.81945851915318 29.4636564397894
0.95774857029383 -25.8349054482616
0.130584798702493 -29.2483071746319
-18.1742253922369 -37.6506237691982
-10.4950550156429 31.8635491911587
-16.3715153490691 39.5077434173414
24.4603487151702 -72.4991398285514
48.1396833332897 78.2826136408042
0.543825434642748 -38.0362659607977
0.0129399283052578 -36.5527996774133
32.7433931560411 93.0934791256418
-15.0036477551462 -25.6251128237577
-24.2295588222025 -35.5330187546511
0.10613460958723 31.0590792197599
69.8132728176755 45.6790592498287
-21.387640459155 23.8444725009264
-17.1997528850451 39.8381346933451
-8.40075616847159 -26.8290783076448
-4.97554783539517 -37.2977191752291
-2.40802254471483 -27.4628996638004
2.35875821917023 33.2607219095055
-11.2266088814195 35.5033577822054
79.3216214101528 19.4359936960889
-21.371183605716 -27.3259307172311
-74.4949274558782 39.8671631518383
-11.9484220594087 -35.887149833683
-23.9200885495903 -36.8402780298915
-6.48375309401025 35.2376644708649
28.025491436185 95.5397683901182
-1.75406257679128 28.0409775473624
-10.5078969917 -35.3439984980268
-5.45300138379183 25.4671207872456
-5.49988471229224 37.9403281948663
-7.7380200605829 -26.8970616584917
0.66694362692072 -27.6938115077287
70.730687510791 37.4511754281918
-15.2868590491671 38.5411772999569
78.7732544279463 -60.1766680319366
-15.8589366071783 37.1463519420594
-20.6616484617415 -20.4005024389682
-91.1880366154823 -15.3986064849369
-18.2249665609784 -34.5141960247067
-23.4809470793725 36.2183510406042
2.62357231550844 29.1627294943864
85.2193360868163 45.8243374833528
-21.0457447666778 -28.633450435264
65.1951448351483 -27.8289925662192
-5.01439499452509 -33.2639346391159
2.90551262401582 -39.2456657546182
-23.5315487242808 38.2030095483143
-21.5490436556354 -70.2565013777537
-1.08503918311813 91.0709670894337
-7.81011186252169 21.1041003187282
2.96409991826948 28.1612650207206
3.90313706316928 -20.3851466923173
-12.6610332600369 26.2447813898694
67.2912106138284 53.3916733716881
-24.6315622142301 22.7437538452646
-4.7729025143234 -37.384356327092
-70.5556771913473 9.23507412791077
-22.212234424387 -32.1162807022304
-4.07392289117297 -35.0491049331429
-10.5427785557734 29.4738242000035
-6.22171696450685 -39.8873440794433
-6.1505182279657 -27.0351441636006
-10.2587514865023 -33.9409316730799
-18.8960930760034 -32.4349907494407
-44.105919512967 -73.6771455367403
-10.7520693815747 39.6239113961443
-15.8443722936246 -33.0101190491836
-14.880437795772 -20.5077278420491
-74.1661929793145 16.5721655276725
-21.2674439188936 -38.0165031884667
-18.4933373150882 30.7572673168691
-8.91625731506497 28.6490513994657
87.6178365148336 47.6971329312611
4.60089193087544 34.2784580359634
-28.2103516546283 83.1347021596969
-18.6931850706671 -27.4123904509422
-22.5289813915432 -36.3276496897846
82.3434543680026 44.758573063854
-21.7641193461377 33.4960572763763
-17.7432381063047 -27.4722086284903
-15.3328754215165 -25.9293097933543
-3.33851356441084 -23.0188596925106
-24.4377152925259 29.033138565593
-19.2300204165582 -31.5171285138375
-6.65959989317166 -29.8558559432076
-12.9557857996491 -23.7788971596171
-1.47434459723868 32.4593666908195
-22.268757538344 -22.9980586698652
-16.7537802841165 20.3247044728962
-7.47675016702811 24.7324730494503
-17.99843567626 -22.2182515872139
-15.1312077810454 -36.2989090629189
-24.1693326236557 20.0655719104065
-5.44665146495415 26.4995751819043
-5.61773594509972 -38.8453856588645
-62.3045360900997 52.815829343068
-10.9764581958303 30.9770176852722
-58.5389182631445 -39.9241702739875
68.8218127127006 -62.9280141706278
-98.1217326077557 3.81484240352597
-1.45312732468855 86.2850880300232
-0.706460948787218 -36.6843834229394
-65.4421215275722 45.5489793114955
-34.1510506543257 -71.1297401871538
60.4684072301375 -53.1028050836761
-21.8258235425905 37.0975794268824
12.9742796692628 -74.7330134044342
-9.04899078234028 -27.4780366369843
76.5389665518626 -43.746240316323
-12.764345245898 -26.6618286694558
-16.9885590472056 -35.8206222878251
64.4200235371207 -51.8265040093378
-9.69077992415528 22.9582697755162
-3.19988702325769 -39.5226475201272
-70.3963534565987 1.87955432017945
-67.1547679203179 34.693055773328
-12.462615758165 36.1141223613554
4.2703928906548 -22.2312132088894
-3.22417731163242 34.0288085244706
-23.449518072673 -20.8733234063256
53.5794143869875 66.2117722944297
-9.09926923976609 -35.7848454104581
-10.3345426908936 25.3634447267752
41.4713623372875 -82.3316211058381
66.838129346538 -28.5293593273027
-19.7699962899642 -23.0541167862469
-21.0559100248712 -38.5612151312554
8.68499739863051 -74.1538640096562
-20.7870115546951 26.2083466928171
-80.4450504129013 2.36256594016386
-14.5746043361302 -32.4515338795867
-9.73024275422748 35.2763980905151
-0.455410907135203 25.7097133810333
-4.10827434187464 -26.8394399706517
45.6233383269868 71.297428436149
-0.642553220881616 37.010534564324
-14.9766025753647 33.989628619162
2.27031013147172 -39.2727388143717
67.2275949864617 -66.7536799859604
-13.9048527956354 21.1279719613852
-75.8853288955745 -11.3840007232065
0.552347509878111 32.6525664514605
-5.48260885361785 -39.3017592392592
-5.14629140804363 -33.4828302493572
-19.2048343021958 -38.3892398528443
-16.2126645366198 33.9416952014975
-36.2542574786116 -86.9396789944739
-18.4170062478399 33.5113996422844
-6.15400709686178 -29.0879215467857
-5.13707668154606 -32.537904400009
-14.4894308515087 -33.1268147101618
-12.1526671024195 25.4880632836863
-1.03948007982389 29.4847454966796
-4.04671830298962 -39.1637436873296
-9.35173347299838 -31.0697576151136
59.781235568104 -41.204273674745
-3.5112174585381 -24.7139239632612
-20.2252245649722 34.3950925713608
-6.97319211439194 22.1685301317033
70.9772797109222 58.2452548554568
-19.8197573817107 -21.2330654179326
-3.36234361685182 39.4063602885481
-21.5129559033161 -30.7716928738545
-76.8862404211174 24.5988318937099
-14.2129315943202 20.7953510960504
-12.3274697718159 21.8167981349143
-6.87455142784486 30.9914040705596
72.988552542461 -13.8217115497427
-71.9362077880278 -34.4925774474995
65.6694439323489 -28.2698932449761
87.2234571165211 25.2668864285547
-14.1535787097095 29.084064165432
-8.78743534258057 -31.0485489576411
-3.9429594931968 25.3202809852309
-26.2352400660973 -77.4544624078276
-15.0268029927806 24.5697766212372
-18.740792187677 -38.0553255707188
1.62971234730424 20.1300072167058
-78.3605989906132 -43.8850530414109
-55.3729224470788 64.6679267831309
-3.98674130787576 -32.2933544226994
-70.7854785932261 -0.138503216826145
-3.3485079260835 -36.9555291113888
-12.9404443303746 30.8270796932912
-1.92111218846243 26.7823582869212
52.8410795656693 -59.787565903221
0.623533273699195 24.5859609585552
-21.1978507856796 25.6507887093899
34.5925747785203 62.0056398616984
-18.0705711745682 25.3324110433738
-15.8051303515354 29.1038301752705
4.0214236784065 29.8099184471839
-8.43442041830606 -29.0063276210166
-13.1683007157978 -38.7017488777414
81.8664011477492 -40.1617606062082
2.16518050930627 -36.5700749864924
-16.6591483823765 31.1103371572511
-0.958606457345432 -35.0421323361957
-13.609910631056 35.8963200029232
1.13617528443523 -39.5243573222844
-6.52819355805242 22.3439882296147
-12.8823156480545 26.1194714529151
-13.010269717708 -39.6482526898699
-24.8331048506791 -31.1199174386245
-11.247955947825 39.1065999019872
59.6477723061278 62.2709864205906
-15.9480156471709 -30.1560618210927
-63.3625795500497 32.7377164762246
3.98920635471477 35.274933665706
1.03971323983149 28.0515652657508
-10.615091036822 -34.3577017244285
94.1148468549987 -20.926266611514
-9.82148661455817 24.1142270972596
-98.2424168607705 -9.91983320074567
-21.1542257839098 -25.2799859835149
-20.3805468606048 29.008205893259
-23.0812345266398 30.6664981626184
-74.510018691168 7.14493432635313
83.6082809319408 -49.2827514862755
8.47306698682662 -85.2063945560187
-16.5736602979907 -31.2851811996212
-14.5624995532992 -33.2059539401433
-19.8448630726919 27.8186079539459
-21.2940158987222 -27.0355655798444
-6.50810182879248 -36.3490086301594
-0.917560214833877 30.2572193559573
-0.281541462250914 -32.9649057152709
-0.97392764327882 34.2799021753662
-19.4614561887624 -28.0255325660739
-4.87814831461602 -30.1597430682205
-0.661156182083715 -23.9820420428443
50.2259428336235 65.1556659878994
3.67080372765507 -38.4172633474837
68.1506285351165 -69.8121156441803
-13.7907110011298 -37.5683399925179
-5.36911101771327 -28.2375260699239
-15.2508628674646 23.0129405393165
-10.5427057766311 -23.3213610048261
2.59940745560314 21.3565029789917
0.635075677956642 -38.0487233178026
89.5057635464923 -39.602617855994
-0.472423178049546 37.0187667019835
-11.7225382999143 -25.0694076412866
68.7714200378778 56.1346826072745
-1.82308423296654 36.8761205188871
-19.7364685032954 -31.4983057040729
-39.3815486617728 67.1184860078065
-8.67839238204613 30.2282860366959
3.53747006198851 36.7773627808199
62.595650285382 -35.1750097828394
0.402042889272707 31.5778798807998
-11.2964391907943 23.4322967913745
-4.30807888105754 -24.3152761725515
4.48798153671548 -99.8653564696296
-13.0103917619873 34.0272674174074
-79.310191441216 -55.5732749782265
-17.9393685558319 -32.6129035003331
37.00164407774 -63.6355605563553
80.6911133449131 -52.3937111241104
-22.7814310826682 28.9597226602622
-10.0988386951268 28.286228324236
-5.95045760954232 -31.5355834574962
-4.86100259014691 -22.2700161751552
-6.83093818242856 22.2118032198613
-3.70644407200281 27.3216171095432
79.4752377699099 -51.5880108370901
-18.44505741501 -21.8155237666706
-4.54419772912818 -20.2423953232771
-3.47364053559737 21.2658437461993
-13.7328077125229 -26.9387557782653
-23.3697652655751 34.6291474246861
-11.1267022707557 83.0010650537922
39.1138516553164 -73.2292085261043
-7.29589374552244 28.8999371090406
1.2268536387964 -35.4258911429076
0.267659793482231 -33.4591371293844
-73.3962391789102 -14.2375400759087
-18.9281933087403 -25.5213161253448
4.41759301447277 33.4965576279738
-16.6609448520977 -35.4464843362679
2.22437773568991 -20.1920538375951
2.24486896432968 32.9642676384648
-14.0666449587832 33.3751649975517
-13.6149943165173 78.4414406034811
-18.2615486692409 -37.7751336713732
1.5304712297959 -26.6954043932918
-21.5571665005017 -25.0731434035512
-4.25370507120494 -24.3779733482047
-95.6336447932925 -0.704159721094733
0.654278937761781 -39.9933472474194
0.163550303983868 32.9319277301284
-5.49643884444325 31.3431857251761
-18.0700592652783 -34.5891417213517
-18.8978511101447 27.6888951297315
2.49460754842913 -99.6291208642172
-80.1510394944844 45.2946592096569
-0.27632847797328 -33.368644578346
33.3592235882606 -76.1973416465006
2.73046604970851 -75.7957259605973
65.6747575680017 -34.4456446428884
0.0206784989021713 -35.7660795960954
1.99818422698204 -28.1921986536992
-3.91265038996991 -27.4384394429315
-15.6154955808201 34.2394005548515
-20.9132893022974 -25.7491755524612
-8.20559791178663 38.5752629180323
-17.1690059005439 29.4754513597071
-14.012432812844 -37.742175803853
65.3639496341482 -72.8824625443252
-20.2485532796123 33.6736535446687
-12.256393441079 -37.7515590035514
-23.1121026802156 -38.215445993791
-10.6418375758145 -39.0356341594791
-2.45012133212168 -26.9540949528167
0.732233014662143 38.9733354880884
0.315802543436483 26.2758452817339
22.5191504297414 -76.3887704956975
-18.7875639733525 -35.0613863660141
-8.73598391548839 31.554855688917
-21.3118615305998 -75.187478892971
-20.2804782547845 -20.8628713592751
-31.0864008884343 -82.7327362283594
-21.3825366408511 21.9209186868944
-0.589019379621085 23.0159255346202
-17.8596643631533 -28.2909656766248
-0.334718738893081 -33.7023999005055
1.46285522460559 -30.693436502868
-8.97826983144729 -37.0310825741355
-8.68712854248407 -38.0275511287059
-1.83583842493288 -33.1312700462573
-6.39692192045629 27.9795272056044
-3.62761943066037 30.7779156243789
-19.090692970586 -21.5646357434446
-96.7204735268989 -24.970206278061
-18.3276522051283 37.828617002239
0.281308215862559 33.5539080530241
63.0831766740269 -69.2818510148104
-42.2123068919928 -78.2318612875868
-8.97319592863056 30.1033483716322
-16.9765558890555 -28.7844970753711
55.1074611967433 47.2594458629554
1.82639855851509 25.1093894389589
1.04398094815892 -20.5952636643806
96.4711968943404 -0.815295618182514
-9.3687779018186 20.8168150090207
-18.059329414185 33.3512904579285
-25.1039982421603 -89.182651383368
-4.42204808618417 36.137837599269
70.6811739385998 -10.9784659985226
70.3163136667974 -59.5275306927649
86.6939836534173 16.4662222975481
-21.4288249314514 -20.1536999240757
-22.9909632029945 21.523184421712
2.01548947780839 39.2983247788598
-20.2733733286013 -23.2420776928574
14.6772269094867 74.4944859341467
51.3915645929873 -53.3261976692604
79.2545615208621 -26.3822161592574
-19.2128990548117 -33.5316422770941
-11.2898821726599 -39.9392707069525
2.1640091704878 22.9914308508332
-2.86675709766808 -29.7720099650715
-14.1287647757377 -37.8539481330022
-8.7802292679871 -28.9409843754031
-78.2942159990664 -40.3549417569078
-14.8136740522406 37.5462479747347
-21.3553294060982 28.0116025572571
-67.4449472846083 54.7574021822104
-23.847728353664 23.4787294256406
61.418243065208 49.7964134531355
-65.9115771134303 29.3084747477371
-18.618531767624 24.6554356062849
1.90043170401914 -24.6044963742174
-18.8677591403967 33.9970369510763
2.69215387366657 23.2341438502758
16.0265218432141 -93.1207858585415
-15.3587074610997 -32.4588603290997
-42.0417619186142 -63.7966504818039
-8.25256742552633 93.2122090892874
-17.1020093803944 -23.6712789871994
-5.54321142736988 24.7133961082772
-17.9540681354538 -24.2443797234995
-2.53424121007001 -33.3957312435879
-18.0418039201875 33.4013107413357
1.65181636871118 36.8951256780539
-16.4689761579696 29.4567881055823
-6.06355941319606 26.1345879905708
31.8417095820436 63.621152940513
-20.8618375062735 -23.0975801920301
-20.9479512570169 27.5055521252693
-19.7480608441681 -32.5397156236365
-1.65612757425539 -23.2370459642881
0.781278104747329 -31.292239488997
-22.1159924694613 31.3927645335284
2.61424493765446 39.8519798086927
-15.9555749343111 69.0169747067969
77.2509177757044 -34.0004271378015
-16.1489625917838 30.3026471415882
-20.8245742946478 -33.2549352239206
4.98269332472983 21.1979875505146
-0.257019119786221 -37.1859720675494
-17.2920045322781 -32.3919652592528
-20.7389472183414 -33.4097082102777
-7.95913218669117 -33.1958739769105
-13.5723959707289 -90.7969164797706
-52.4215655046823 80.6078245082415
62.849475947123 -33.857233392418
-2.35711104384894 39.2909274188092
-22.1497513923877 -29.4489592132638
82.4928351138733 -28.3019763131195
-8.73827528846391 20.3589735919929
-2.18891304533063 25.5333802418791
2.46971604557736 -22.3266448460323
-7.41947687413607 92.1450108319993
-7.78746361800572 31.7416467358365
77.4087028214455 -8.88376963094093
-1.31781320611488 28.465401625103
-4.9976398743247 -20.373193892693
-18.9254394712029 -32.5556287947028
-30.3220754319293 83.4723002569354
83.6925577088005 32.646920875255
-18.4174046346731 -21.751495465578
-8.76881558601846 93.8035979865809
-75.4338603391397 16.5945380721524
-10.4512133733027 -84.4930881734193
30.7511458281997 -82.2025724854087
-21.6925323979314 32.0035555098088
-21.0757659410578 23.2855411043927
-3.94338483543914 -78.4603825099081
40.4572231576219 -68.2098941794016
-21.7441044784839 -39.1207114445032
-12.640210225592 -22.219796283817
-4.08390988435208 -21.6863536203042
-9.21653793055054 -37.1682949803991
-5.56538501103006 25.4160281848579
-8.92345866116276 -39.2559831315451
2.48616500199724 -29.2586428744739
-22.7426420498801 22.0680091589145
85.9938474219931 2.83369580031439
-62.669905736867 -58.5171646836812
63.684012905369 -55.2059128891051
-10.711852734007 -21.5608939530378
-5.25871915893049 24.7051946159974
11.6634747551126 -87.2105325448057
-20.0561406767078 31.1378426714509
68.706315949839 -59.0441438123691
91.2327056641009 -32.344244617873
-76.2933398386376 -18.9637418821913
-48.2226225112546 67.8380533002845
-23.2319188835943 -31.0914807710319
-24.9173525135458 28.8766496987979
-21.9783185962058 24.2509713340509
42.9780537714218 -55.4618929457217
19.8515808337958 -78.7403495434546
-21.2016266144822 -25.8582799142803
84.8753577759632 -20.5992599705028
-23.6907589315533 23.0306411585948
-10.422798338465 -21.3761335765744
67.1117736706086 51.9931993139971
2.2824099165771 22.8115457307133
3.24794255184692 -31.9382179885373
0.454299631738078 80.3919556989324
-21.8392670704706 -26.3416032789276
-10.8044869659303 -77.4996719566934
-17.7244739701047 24.973421643709
-33.9930692033013 70.6551663755902
-2.81640537803156 27.5899314891206
-14.6948853538021 -23.137413573081
72.4029256170185 -19.9210981934456
1.86216182405193 23.681705124219
-18.8009554324505 -22.6049303448499
-2.90586429955386 -32.1271916249147
-3.64386740847785 -31.2007610988892
1.6050521089814 24.6341297021146
-9.67266260381734 -26.5510149550249
-11.1957091088326 34.7778872676163
64.0020903662196 32.4724617080294
-9.47225155982348 -22.4734471190112
32.6080574062108 72.1631417052882
-24.0018546276425 -23.5725745652594
-16.5660933724372 21.620858098058
-10.6853941897721 35.4274175325045
-71.0798565810215 50.0181822342717
11.0851394960934 -95.9718894941769
-2.90445667919577 26.2532540744058
-87.701260384264 17.454174301507
-94.9974982600729 28.6705989429436
-16.6389504656359 -24.2383025922369
-56.1564227750143 -45.914136870898
-72.8431586542695 -48.422656927821
-7.24272933127628 -78.1017208640597
97.3966473686163 -21.5675137399596
-58.4048401865654 80.2481672386241
-18.4207194540587 -36.4114039410089
-13.5341553878486 -36.0859243869216
-46.5501874623059 84.1069999645258
-7.64156908165383 37.6703866228566
-0.553808141782035 -32.1718423323748
-3.15330291002766 20.6746604520311
-10.3547126732137 90.2271313809206
70.2451079980798 40.8072926800583
-4.18994797473541 38.773826730893
-17.8180535033393 31.6667216513347
-13.0715113226437 31.1741600053448
37.9322123002484 -71.3644588082267
-23.3072756243858 -30.5498645957371
0.624719098325626 -78.1182384539409
-8.97516270485799 -34.8366644648245
-12.2908429563986 -23.3976918434247
0.960145306499705 -34.8100893825307
-13.0647187584474 -33.0058497899309
-11.5174570347479 34.4265305505978
-21.3193332745198 -23.812509104694
0.536016071647971 26.3605858140468
-88.2535617154214 -46.2860037017426
0.058146050358765 -29.7137491306545
-3.66887895732013 -37.0365135936988
-24.4367097120175 -27.1939389726299
-20.6941044399953 -36.2579887350173
-15.4788427460783 34.9575694512986
-18.7021937031191 -37.7335391722168
-30.3039076522685 -82.1573416069776
23.6614195530978 -95.992755109434
2.98268055925316 -35.1569667804158
64.51177764677 -53.5279006530313
-16.9066824565024 -33.0632124484333
-37.5222450895538 -61.3471494403667
0.706532519586567 -27.5665395462495
-17.2478329109442 -31.5526838640236
-6.82631518569007 -22.7062978416458
-11.7578575988537 22.8636960048119
4.85650598951164 -37.5476921449534
-9.6808665412032 -31.9306211263001
-7.32560792976241 38.0609143080949
-54.7318599082764 -49.5995660187557
-3.98794964945967 -23.8733980643941
-10.306084716788 -26.7388271710067
2.88579876109356 31.8097025536483
-22.6495841616713 -39.0586876095306
93.4668887718272 -26.2223248357427
-5.2893421354181 30.9864938944451
-11.6023477050592 27.5920027583317
-20.1921946863102 29.7210143155829
-23.9486678692534 -29.765682886195
-3.15015215524461 -35.0155452771791
-13.2951792061722 31.1660737211051
-4.14858591727665 35.1550089467629
-71.1153039183251 48.5857994305612
-5.53034992368787 -31.8147978984036
-18.3987510328859 31.2524007744923
3.01519036321722 37.6730820448709
78.2127358372297 46.457582167395
-21.8643153657897 27.1148430853682
-98.1955885968027 -11.2670744809656
-8.35731986858093 23.883130512549
-10.8817473514259 -24.1859426892135
-12.5944037028258 23.1282897173798
-0.242112056752966 22.0351708880361
-1.92310118493353 27.391437026644
-55.3855929806177 46.0599922815049
-65.1590280663533 -31.8617302055245
-86.1389812516178 -28.2322198534489
-15.8466780992174 -29.4948550286755
-0.33614837919405 21.3592143666007
-6.45353765307782 -28.7026078382036
-16.0364097590769 31.945181898667
-63.61390619951 64.6151008049924
-8.35602791528789 24.9255459001516
-9.54799592020358 35.7022945292035
-6.15022465623024 -24.5126712289678
21.994702629436 -68.8898464768328
2.94772335403112 -75.1767260933231
-17.0843264204711 -81.5267691529193
-15.5665078832649 25.7926792736185
-24.6914408771532 -27.1774917562853
-3.80512466205193 29.5018273994928
-90.2272757523168 -11.6948999240709
-46.0518387320613 67.8749941903034
-89.6312950532951 23.2107471916979
-8.18235862566215 23.3029963526873
8.77125391436278 -72.6982255072918
-0.114882703089698 -28.7303189830914
-21.1003775850106 -24.5829156794641
62.5846358390098 45.3857699128251
-9.12975888717121 -20.7066608339287
-16.4407167414189 33.6204532000679
0.862521086613128 37.6083316723606
1.44691781665895 -28.954166298851
-10.0178567516658 23.369704694877
-17.7733371354483 -22.6284230617472
-5.03250161397133 33.1765900757333
-24.3489800255733 84.3363778925196
8.11365875033705 -95.4294911705488
-22.4350805584414 -26.7382777613417
-13.0058574904174 -29.6088312209928
-19.4106710175726 -23.7386227655905
-20.5430845109895 22.2000990003999
-49.6306030059425 -83.2250883388016
-17.3916380274683 33.2309972476296
74.5301805156125 2.69125065879856
-14.800200920792 98.1831029454639
-1.29782562970245 30.1317687648836
-7.16774686905978 -28.1768754038006
56.7423238506027 -59.7637477358194
-0.246336442719652 -23.9523130840212
-11.7702023949644 -21.3682063189589
-50.6250581032059 59.8216434392968
-8.04856235996073 -31.374843025887
-23.1041576489338 -24.0519197033249
-47.7891274322697 -76.4335281529
-6.95395175417701 34.858144642758
-58.0676094943025 -59.400336573962
-11.6635515303482 -35.3275722272549
75.6511875312995 -10.6244598041034
-56.0780854140946 58.1170387829572
-1.64436451207667 28.1229554405512
-23.1353902221097 -22.5227013145932
-0.5671008109179 23.4732282647028
-18.4266359468762 32.7587436043127
-6.50262560760982 -32.9735869771496
-20.8513494031756 77.6678189990272
-24.0272576524805 -21.5689357591674
-1.65373456549943 22.0620810781876
1.60503311119112 73.2647260282596
-9.83637114958306 -28.9152672582001
73.7284360342606 43.9215117774231
-5.8071383119789 80.0090886719125
20.9891391034685 83.9802427650168
1.06699665496599 -20.979299570758
0.53945600053968 -39.9914536871631
-7.03825116242243 26.3360922412344
3.91978498927767 -27.578553656589
65.7754556392969 -69.9224491616005
4.59462854079238 -22.0085018014336
-20.6393718501613 -26.3462325711742
-11.9697090453954 -22.3933164476834
-4.09891157658784 24.0825710219951
-5.7098663124307 29.7769325381665
-23.5353006167598 30.5469078683135
-21.8754671343148 34.1613482501252
-18.9351832367914 36.5398054593762
-77.6599323067865 1.45415330492729
0.914941267519964 -21.6298822719295
-1.01974645860199 -26.7659276095434
-17.9924082978243 24.0819020839211
-12.0609149413258 -33.3451167983435
-12.864184599476 -29.5881298246356
-22.7522122741759 -34.7786880158311
-0.696325161419296 21.2726142047509
-19.4326610295768 -22.6593558403798
-22.1094879406741 -27.4867308643916
-62.996100373913 60.1431294830742
-13.0182126525582 -26.494273425393
-21.2708539243394 35.7202109953408
-83.4037203254678 -9.16034613998415
-75.1410278464061 -50.8033754579723
-5.66363270739721 24.7582134339208
-16.6858871586238 29.8147803767236
9.84263640205237 89.5333215147487
-23.1623368299496 -68.793824869685
-46.8898822289381 -78.3860019922176
-13.7849976403566 29.9554739702273
-71.7970909053637 -18.1513264177838
0.427660632721079 30.8532976789353
-1.26298499805479 -33.9361451108787
-93.3695550215676 -14.669788469865
-52.677643370407 -51.9003665186162
-23.1389084962226 26.8584279571515
-23.5696933806011 -95.4211385424671
-24.1820431407066 24.2242699346053
-21.2175617451338 37.0924578670296
-1.60129268956059 -23.9275909593148
-20.8379569640147 -36.5939197180573
-24.3693488749041 -31.9867890845225
-11.3609999179502 -31.6969341347384
-15.7077582978218 35.0665836687985
-22.3786353438481 -32.1987135239835
-9.39711353133017 -26.5570460214258
-15.2085958062521 29.5877513839557
77.2810012569239 43.7921068580532
-88.2992749817777 -36.0565896797604
-5.83643470117106 25.2847136690033
-30.1324885044285 -70.9509379740386
-8.83064802513079 20.9923973215662
58.1539528017875 -66.5883558542055
71.0377839200112 -64.3744998440773
37.6162426160284 -71.3423003836079
45.7325419811047 -76.457091441211
-15.1916724441111 -28.4854819934177
-11.8478792304348 -26.4101164233372
-22.3052671669828 39.6146255067959
-5.19972047851926 22.9713933560812
-87.6495792718472 10.1407920696607
-4.33444791988276 20.6385147929484
2.86872695512201 26.3585354402435
4.45515141606403 -32.1214596282597
98.6668502483537 4.54533115965687
-9.00408840761411 -34.376008983518
-12.969984674801 -94.3076578378604
-82.8915730714023 -35.2678944812803
1.24710352259946 23.3524962623596
-11.3389878449484 24.2525469841991
-93.374861884788 -9.91043643239812
-11.6462390718501 -35.2025438856681
-57.270970179337 -58.875330422951
-10.5993762375972 33.5344696641701
-5.02255221824015 26.4769286304205
-11.1626413047668 38.3821708595418
-15.3281929354568 24.5615697123042
-79.8224739851453 56.936638596945
-67.9051507267392 61.4426396680123
-6.66445996855305 -33.3965831160687
-15.0392605790612 -26.620688891097
-3.25901440062506 21.1070020748988
0.616799680372537 -36.9911429094946
-14.8308652063517 -25.0449358154189
3.0476593649238 -21.901303274409
-83.0127445332703 42.2776088833344
28.5607596885198 -74.0369098018862
-15.5766347095734 -30.1836183401277
2.48778430947532 -28.7586633313632
-98.0145991584596 18.3993534626893
-12.6469530664932 22.2866599078873
-5.26078397983898 -22.8502139053715
-14.1215796572333 -26.6965265022845
-47.9507285073597 -53.5079418978244
-13.8995420089374 39.4859496512354
-43.0712531732166 67.77365154661
-9.35599035060058 24.1840890815094
-62.500510521195 -64.6166398955501
-3.91238318723595 -32.4011467858548
-1.59690092338597 38.4532129627469
-66.0266281065856 39.1455186202684
-9.15833237776976 34.8301763172077
44.3242835473558 63.0231028589659
-20.6225939776342 22.152983749675
-20.3929356021104 -29.1392744440149
70.9477373365015 -17.2835920660582
-19.0247950808279 33.807738777432
-22.6243313506507 24.942807276674
-77.5282807211611 27.8787627863688
-8.5978747790077 89.12851906206
-10.4262861256184 26.4631501284382
-30.0615116254934 80.3475084056518
74.2003760221631 64.3945959088804
-7.79217443885539 -24.7149714755952
-24.3906356821213 25.1260023367872
-6.36143434805124 32.9333136103112
-14.8993519360871 26.6810950825458
-15.0541506069632 -21.4481832837265
-16.1535093352147 23.057537649942
-3.65896325204535 29.8124008470806
-59.5617818098519 -44.5544166650949
-19.0920632832752 -22.832476082842
-18.6665562823558 31.5486502238026
78.2930781748069 -52.0037174035204
88.7222182449749 -27.4470468370355
-12.0655962467827 24.4101490774926
-15.3333041682039 -30.3048582754413
-21.3186870928279 23.4914885891395
-79.9007239347921 48.2149839178582
-5.89249549537481 23.2315335827158
-70.7660689655588 -24.0390869234055
-15.3002248847796 29.1918570861658
-85.3896695378746 -32.5547770397656
-43.927057079206 -70.0848651845109
-18.0631788149604 34.5131725867058
-92.1314702241138 19.1069409684446
96.457986826884 15.1136516107149
-17.8267862140804 -21.6352780938982
-13.5084850047357 -39.9420115510861
-17.7845489174354 -26.709095342661
0.959655589844104 33.4524161961456
-0.710476450785755 27.9828043041039
-12.5250371147702 24.7306390577953
4.54072803861049 31.9869242299954
2.72121005621692 27.5326109273978
4.89244017238509 -31.3882076031419
-19.0950087330378 38.5923467496486
-14.598792943643 28.3531244307035
-95.7225809439296 22.5630621867513
-0.498184902017691 -23.5190037802937
-42.3496561714738 61.2554776089161
-4.33370053439166 -20.7620988241509
-8.09070576920085 25.0421390424398
-3.75702506800746 28.5342373638426
52.6686055278808 50.134903091665
-18.5958637352798 24.8284592193978
-19.5041439578477 20.2173094088203
-4.6334284939547 35.4736427700811
-15.9304659207056 30.7933755933355
20.652223667489 83.2339664524855
-67.7998197352257 58.5118132135469
4.49324572874861 -38.7387007095347
84.0485476430486 -33.982042539914
-19.5966593660129 30.6866878339333
-19.5017933375356 89.9634676077843
-17.5380643409542 -20.429998110273
-20.9153576545076 27.577860687143
62.0060510286248 56.1630363811773
-15.1978768309574 24.5276811612026
-1.44258936170626 -29.0785250349481
-21.5917425522488 33.3526203871543
-0.769648218924921 -24.481277658475
-20.3980101678052 -27.4984800338445
4.05218210438424 -22.5768700215758
-6.60973039993635 39.1236067866655
51.4945202290918 -52.5649955599218
-2.67657265885397 -32.9068766367855
2.5355622556636 36.5384246710218
3.56152420159731 -36.4161699098081
-2.71637488928125 26.7698824067209
65.1769851469762 -39.9431271409381
2.06479840965162 31.0644908137027
-54.7910705398385 64.5969669842657
-7.78103801015863 -36.8833090607775
-27.0641104715878 86.7183073399771
-24.5623619133802 -27.2553200084323
48.1556088675483 83.1432163635313
-18.6280663222823 39.3813918305183
-93.6246191384195 -32.0426802251006
67.7844699174227 59.4739757013492
-16.8559873639641 -32.9223301324932
-17.324185648091 96.761156356749
-4.91753692779788 -24.5734330071694
-17.7795072110437 -34.1889249664749
-22.293788753193 29.6919294297624
2.2054728493546 38.1046236551533
-54.8067408246181 -78.9465302156006
-43.2944319213344 87.0116264580841
-8.65543204862078 35.7869947107955
-86.1851634641564 -5.82509253654313
-19.1507812515682 23.4625930184503
-24.5390527948127 23.5093571251187
-24.482051860634 39.4606441450492
72.1698882865078 -6.059834070326
3.06665544390519 24.345351672145
-18.5738915457364 25.8362591865784
-6.5659455187172 22.9074752643758
0.593709424059163 27.3909002965273
90.0912527006414 -27.4813417398475
-5.75651149697631 34.2199642922728
-17.725917985278 23.0948668891114
74.4685240521914 65.1531396294154
-5.08570123514879 33.7190354130222
70.8596843037557 -7.29976653355557
-20.8544118201034 31.0765174819668
-22.9162540507697 -39.4776197432778
-1.32149850059086 29.7696075886969
-1.84034488495637 34.4664880681742
46.4843751015524 58.0682202751641
-13.6700448815954 -76.5398476749437
65.3608080550434 36.7003890233175
-12.6591594513041 34.1385088534037
-9.65251461921312 31.14180466977
-40.6971674583224 -66.2666449252606
-24.4999153227767 -20.4119711490419
-20.3030004560365 34.7028714407745
55.2272931121752 45.8059352208841
9.87419890993428 -97.8766383625643
-4.61844380841761 26.8365448609688
2.41693806062333 33.0013237257373
-4.12128863996472 -29.6523961561476
-20.2332838064531 24.3955373951853
-0.324821059405238 -33.5585249449654
-22.2611185250839 -29.3010770070813
-14.9085726538587 -39.1576227029599
-14.6261097670072 -38.6048759272408
-15.0080421903589 -35.0782927860775
72.4119465938177 54.1327639488664
-0.773006382034538 33.4912907459782
-2.3454355767176 38.7604366430354
-10.2714386172145 22.2973022050964
29.0321078198519 -83.4928641173943
-11.106081318481 -29.6355060923684
-11.2813024055786 -38.8816649073117
69.102593215737 52.2189814355961
-16.6172065660268 30.1568008844532
73.946327779805 40.3141780002897
-10.0590865041194 28.9552121290346
-66.2718395419188 -26.9531329974482
36.1330623607078 80.7663132914454
-68.9389217085975 -45.9106594103169
3.23424830221537 -30.5460972017384
-70.5587380023513 47.9922288465591
-3.95719378797647 25.09505910857
-66.1518522955862 -40.9454293002173
75.9947775739176 -53.92391822541
-8.67998228374667 34.9931374188579
-94.5643860532986 -17.7289466508089
-1.48315060916048 30.7561757446485
15.0816063781431 -91.5503214542805
-16.8943869382874 37.9732828559326
-11.3155413793666 -25.4185285425086
-5.63676120331465 32.4192099864312
-22.6848311385045 -24.2783563012399
-84.6592887196132 -16.8470380346233
-61.4477357900538 -50.2948424844965
-23.8747647543093 25.4623116500512
-8.38997444931283 90.6062269677164
0.990688958586424 83.834726869336
0.541468714695874 29.2374556938125
-6.73258234835046 31.7581681281874
-16.5504648371227 -22.4307711374242
-6.2529697316527 30.7593354218411
10.3641380815078 89.1757439436541
-22.1230293773027 -36.4318574015561
-33.3187103453101 70.0794602791866
-1.78103779509762 -25.7560828755198
49.1277747577131 -74.7999672424814
-84.7570290859973 9.93840879920594
-68.61855840984 -43.6408257657029
0.459733885776856 36.0869438183143
-6.96277669483162 35.1951680408231
1.76587111231214 -20.1330169892059
92.4101131511644 15.5321629393307
76.5133003957565 -62.9286132204326
66.3684016895477 32.4874191800824
47.7647758299984 -80.8205646568767
-11.6627605657515 35.2330620950703
-15.1476650124258 23.5907651658956
-67.4365146315407 33.1654648450052
-7.74090071844853 27.8971924670811
57.6164975226964 74.2163693851049
-96.9738267156822 3.05584248628803
-14.3822736314703 26.8961506615079
-6.63046609477519 34.7684908385148
-95.1048676199349 20.9795855752072
2.75507478758293 -27.4390331400404
-6.7662718118272 -25.116374902419
-5.73132509451028 -24.6323955455727
-23.7689284437329 -25.0335369247078
-92.4991045031543 2.21557551062237
-48.9658824773492 84.656019381349
28.0340899425486 80.1030857838639
4.36841712872774 -21.2990202377229
-3.91753596369405 32.9813572469484
94.3641335853994 25.8007924426513
26.7328379540309 -92.8924371789567
33.2187554964721 -62.1036680698176
-14.407467215885 35.1193693555989
1.59171448352058 20.8930111664057
-12.736645973536 34.4573422499699
-0.896022274529464 29.0943012747896
-9.70139943177351 -26.7304702420612
-22.5156371596485 -23.233217274462
-11.9107997253175 22.6156155536354
45.9349311103268 73.645622045048
1.48382027586713 22.2002485752187
-9.1856518423543 20.5318866768118
-13.751911633516 -27.2128802818829
-92.093090221235 -18.7421845487418
82.5210527932822 -42.0587094268311
-3.65117955867147 93.0495843879664
-20.4119323977216 -24.2481931309174
-83.0471540163156 16.1186839171324
-16.396570797307 22.2568414899796
-49.9314267470257 -85.2593238883015
0.800049799000959 -35.5604320141102
-9.50252461096927 20.2415017082903
-16.4638374588765 -29.302906311539
-23.2267102991689 36.9419067186359
76.0801246634775 -15.0183957617657
73.248820860519 -45.794185821463
-66.1593330507953 -71.2393217503361
-13.9778506968309 -39.283340425693
-16.1664782068404 -22.1640475947768
4.05552765348897 26.6942049620728
-13.7575878896141 -34.033879635525
-6.25892762542815 -23.1412694503311
-24.0210250816489 24.1712140306726
4.64109756678933 25.9926104266408
-8.60157307146061 28.8067109572136
67.4611982606349 39.9440104539136
-14.4810286736678 81.7700320416741
83.6738188487308 21.4487976188453
-12.6268168869894 -21.4329675302626
87.01542065221 -43.6030178947031
-22.0519912890964 -27.8188050728647
-19.2192154555602 -24.2698423960108
18.8678231352855 -97.6331182349036
-20.9305983554389 -38.7291871526384
-7.82227517096331 -20.0361126273392
-22.9123948229959 27.892358228945
74.8741348834014 31.8470338801435
-3.22058561055069 39.2353337340111
-11.5979466793499 -39.6907692888856
-9.57433848730862 26.9023250424898
-1.35051255712845 34.1009459185783
-11.7560702999847 -32.9817329539964
-6.62115138840576 36.4399199860831
-20.2831546487706 -33.7164078774727
-11.0843221060691 -24.1251833865048
29.9374624161792 -90.1668599665543
-10.9343333452634 39.4665439013807
-5.64708831029655 -87.5058838987837
0.515321404011573 -30.4420623560447
4.33527155813298 21.531011559141
-9.6476487216087 37.9761813252296
-12.6092760170063 32.9120326993892
4.69238667299107 87.6629385370507
-8.03664728439838 22.0752656216163
3.08576361140638 -33.4518247167539
38.9531129275294 76.0042908763117
71.5756253323786 13.9435850922709
-53.3495525900266 -58.3764259243054
70.2708257786768 4.27786184881299
1.72646763947437 34.5600150833927
-2.24782863809374 21.2788633921158
-8.61048686607898 -30.8303868992718
44.0456878343002 86.1301673575704
-4.45731148314227 -35.1110312940521
-22.1187223064515 -23.8426336065772
-12.5909657333778 38.4621711929037
-20.6861718299082 -28.3201918820591
0.723728454984318 -31.094359712164
-19.5043143708116 72.9308206923484
-68.3666337488546 70.6312175148755
-86.9637581249035 -10.8428405398274
-1.25630399899169 22.4827929323824
13.4821314470362 97.8798020240831
-4.10052762323996 32.603034133304
-9.80317145240051 28.4419204543
-0.834480159552022 22.7527860825721
-18.0594314177018 30.8959279213988
0.200136252125738 23.393675572926
-21.8591687770228 -37.9069968398129
-21.0689134927646 30.6179368013422
-13.9434806438441 -36.1098859012015
-10.49894402885 33.2583144330079
-97.5126850404354 -10.6502819956993
-74.7686671921547 -13.9570540592916
52.6855156053202 -62.7315361261649
-88.8415764888903 9.74419446369822
2.93634748256466 25.0571551523007
2.35109314218814 23.9825461262429
-6.88281097024934 -29.809730737112
-24.153263459103 29.8546330130188
-4.67135227927926 -31.2246963453875
1.94044962596973 24.2862794089449
-19.6359545181446 37.5479102589505
-13.2004329841494 -23.2042057180976
-21.2564238453106 31.6989115998025
-85.1063771903523 33.916787023895
-45.8518832976986 53.9802138729691
-1.94566249338262 21.8020705240417
-5.0131426824511 21.1313747078803
-68.7466620634845 14.5444949704894
74.3792628921983 46.5581816148477
-67.8779243969763 -44.0823612902322
-24.37264966832 28.1234146167942
-14.3190129429118 28.7271636612805
-18.2642261426715 -36.2373481867395
-16.6605421269858 -25.0994235091156
-22.6883615665928 -33.4999988506384
-3.83718731541155 36.9416234755549
-10.379979822551 -25.493046481802
-7.55819803457779 36.0069224939426
-19.2192090143848 -37.6131964753085
-5.1355761508194 -39.0334052085437
67.9858119365829 50.4047865894604
-19.3730679794623 31.7171922080797
-23.1601579504645 36.3495461778573
-6.84509024256623 87.6020931350367
-8.61061279307911 37.0500333828786
0.17063821865693 -74.2122139246166
-7.72265187061578 37.2290204619271
-7.97308040516644 39.7479420207362
-90.3492825743215 18.3951305401629
83.6009731746734 -52.5636339048992
4.92024628506968 -36.4335915863111
-91.6656446051462 -0.902345817352666
-18.8937321405042 -28.2142920019729
-20.5262910803084 -26.832585858908
-18.691945696203 -27.3905847814932
37.7384585378579 88.8894477334026
-23.7704383538851 -36.8480648356849
-3.3844508246926 33.7484652400633
-74.4857977601562 -49.3442669335241
-2.02642975264087 37.7986858689847
-2.80727479232304 -36.6677980002871
-4.08032243589314 -36.9227403511289
-15.164552089725 -28.8304610561425
-12.3216616683024 -32.0891467020833
-74.5459424132436 30.2151103167887
4.08730756944667 38.9283399139828
-86.1143392592724 16.4697987435152
-23.8279293332774 -39.9207741997607
-8.53175826993159 38.0196363280466
-24.3930464857239 66.6790669314627
-1.40632921634477 -26.7173273735965
-4.29136888117572 21.8928389214138
-23.5494264824899 31.6353823987077
-11.109341626086 20.2033854813067
-0.443711476294339 -24.6184619440535
83.0309275222538 39.6223309292117
-18.5464678867866 28.2994648106992
-10.4763817949985 -29.4393690023085
3.67479127463696 26.2597924933079
-19.1737160967452 -34.008385376316
4.47546695359883 28.4184264488328
-19.7166202057891 31.1043818903767
-24.583580195961 37.2250964560468
-11.1605145865908 35.6417911377928
-78.6647384299059 -7.07607563515316
-74.1687061726943 -43.8662466400883
62.375569512442 67.4222221184171
-13.2215154257716 -34.094001611188
2.96540590894615 -20.1278601541362
-5.08659649091836 -31.8100214288722
-3.11191504716831 28.8759700949604
-15.8707234540394 30.8543041784729
-12.9211874197339 -25.6207599941079
-69.2766433046584 -25.9456926191187
-17.5745198150491 -35.4317538403432
-0.542275202527982 35.1738532970712
-5.71355244746449 -22.4875717446162
-6.09179546885596 -25.3775543794944
-23.521603726342 -21.6752255109937
38.051840750218 66.0807724194423
-19.3355610851655 24.8220446916635
85.2203473015827 19.8965841632023
-68.5044325381532 -46.0086340756308
4.0905651237858 -39.5075905575423
-42.8425183626569 -79.3110306572037
-5.59535826414614 -29.6148628233959
-22.2352533798603 37.5908922969482
-8.54082905493716 39.2246644471309
-12.4194804819897 38.3112551000877
-20.5301785630085 21.7390805337718
-9.52953337041038 -33.4382055543443
3.12135210873659 -33.9202573809773
94.218451431062 33.2266146967578
-5.91477193728874 22.5321699112118
76.2670265343498 -14.4228355844981
-81.7500227486015 -21.7291947962876
-24.1080180999297 26.9423321642156
4.42201388332909 -94.3339432430544
-8.43970613780613 -29.9145344075816
3.53508910361651 20.3849048931922
2.67729431855805 32.7991684608747
-1.86358123238559 -38.9321491795465
2.38504803336454 37.7221835652913
-82.5455673904388 44.4476684646131
-65.6527490974264 37.6362980721811
76.8979487882388 59.7814654205607
-12.7940313462977 24.332823532771
-9.05235324717783 21.4424834292591
58.6564910780146 -49.2904148747966
-12.0433845197331 -24.8645802567847
-56.6715906373132 66.8982023729608
-18.1380763984551 22.6548556260586
2.82997467494958 -37.2196942352301
-2.8654243185731 25.5625650740708
-19.701543064011 28.7160823236514
-2.06201639218879 -37.9693548147621
-21.5793866940032 33.6331735529841
-74.5457997973772 41.3117398811889
79.5581413144714 27.3758388130419
-88.9713074037844 25.8675739049133
-4.34354108874096 -37.2530238662907
-83.9250466914199 -19.2945162734297
-10.3320247427149 36.5804238971504
-24.1939683572079 32.5300063462676
-50.8944446257976 -65.3412552669013
0.508966702731506 -30.6436919088179
-24.766989644941 20.7217169353513
-35.9875427150691 -66.3196779426061
-4.80133851445835 21.3227525023793
-3.27902804507641 -27.5355350855577
-19.3236150446765 -21.7447263285646
2.21138583230353 -32.0060533872491
77.25503743801 -57.2940618881162
-8.66587766847882 22.9510126065054
-69.4553753948241 -67.3277152465327
-8.84629875730855 37.3513899482201
-16.5586036761014 -24.0467447708804
-4.97269196038456 31.6969855298359
-17.3735973395594 31.5176283162152
-18.0180786741599 26.4292697104175
-16.2757270211957 -28.2486129734549
-6.49024973129396 -35.4129521780823
-10.0826093909289 39.2274292135247
58.2860392096661 -50.8836222445033
-22.5772826333287 39.5309639165267
38.5688024859303 -89.6366685021877
-30.0433362324388 79.1908921890893
4.77794612967951 37.6493927394985
20.0153444333641 70.4740058289061
-23.6562779255553 28.4149886170235
-8.60140637834732 -22.0204789721495
21.7174979530408 -81.4886672140247
47.5928948093109 -67.2653932396364
-6.75679710216439 -26.4147713439743
-12.2515355641764 -31.1234497341234
-8.7435184189312 -33.6994717698001
82.8154909316701 -47.294512591636
-0.6252325979764 -29.7559913293145
-1.64626595742376 -22.4516882208999
24.4202706371222 -84.6276770371465
-22.7992385371585 -31.3201716682367
-23.8090279504912 -21.6933264461269
80.2453478515996 13.4652008710091
-79.603714726182 24.0655608027298
-18.3257012374309 -33.3108513695056
-9.75378669998516 -36.4357168948175
-0.252568055938269 23.7626800295889
-18.0742329787198 -34.8060242087094
-23.8538117031536 -20.7080049377939
-13.3914048733957 33.5981470132262
-90.6619482244191 -30.8747717921169
73.6574703066462 47.3545684630085
45.2064578613191 -67.9397046773638
76.8467857670157 -12.7818591206427
-11.8980020427158 -20.0754115327
-21.3480202136801 34.5826098609295
-23.251423596156 -29.3360358720273
94.2454450683158 -4.28923364541384
-7.02267391193089 -22.2532257182115
-4.94134755789108 -20.3479593662347
-13.9359113498619 28.8685322198119
-14.8511327260644 -33.1356924755096
32.7083105017105 -71.0734982968279
-23.3585120807509 34.0321292940779
-2.14095837725019 -25.1289025407537
-3.44089242876787 -38.6240647599303
-15.5839499783559 -32.5254627292389
-14.4349396027448 -28.8430617894453
-24.9076004451725 33.4665978691725
4.38686699955415 -35.1943655895553
-9.02364990279054 -33.6896091083903
-2.46727199918798 -98.2972016742551
3.38009623505677 -37.682230973741
-11.1360496860403 -22.5799729939442
1.11501964226903 -36.4300958078717
-32.6291047227304 72.4228784567448
-22.6095736081998 21.2194243913364
-29.471560128238 -92.8389548850196
-1.44339770112097 26.3352724373463
-6.52769833107289 -22.29199646201
83.2177450099125 -17.2281268366014
2.53287657509777 38.6089353297913
-22.2469369272051 -30.3724161860412
-13.3935209699432 74.6346418479518
-71.2899283586468 65.3615531143198
-5.644934244315 34.2987069948668
-0.28306888489837 -32.8424776707239
-10.4014729661249 -38.2999854391342
41.6790102208525 -75.4475518187892
52.367168047386 64.8048930088344
-12.879000547733 25.6881637415791
-20.5052816293369 -25.6333214849666
89.8009652023047 9.47316511103515
83.0077884894837 -0.774807239071567
-18.6506701626213 -27.6611836424856
-11.6005169679606 -28.018156475098
-59.6196064736866 77.7230097435432
4.193881523715 24.508427493266
-0.727073687194775 22.4758903925107
-2.95228878301348 33.117564171708
-64.2473487885093 -64.2043970493043
-20.7931292918394 -23.7716344163056
-14.5406534689361 38.6838407474298
-16.5957540918398 27.5816957865429
-15.6964487078421 -31.9364184557086
-15.470267778743 -35.4507958815176
-14.5213627487149 31.1277247587612
65.8008263690575 -55.0388983339925
-7.69051047846169 36.8047955449816
-13.0502494734611 26.500934184304
42.9548022984525 83.675175956082
-6.40413215662409 21.5052648511902
-80.353239805557 32.8027117792585
-12.2828359627622 -33.8678426498294
38.8725922706875 82.0834216657066
-24.400343940927 37.8018558118625
-60.356249700308 -63.9094470865346
-12.3803579394362 39.7360466336301
34.8547850951349 79.245759845906
-16.8886761048323 -21.3070839081156
87.5884196842298 40.0342770633857
-3.29286733234607 -23.246709832209
2.21482885549241 99.5683773883464
-67.0841500274472 -30.9536688275043
-46.2316447306047 67.2339148882393
83.6606550279484 36.4309965938529
-12.4698465382205 -21.4470973893756
3.66811871208551 37.9707249906913
-40.2623337501168 -65.9417503343966
-2.41875068859752 37.5489744482715
-23.5758365877331 -28.0614706654506
-19.9752154282485 -25.0232526276356
-16.4163814972957 31.6759099465468
27.3581546674852 77.8789051318731
-9.81701482860032 26.8533759842573
-29.5994688417821 80.1236584729768
-10.4474123944699 -29.0733836727433
2.14316084920927 -39.66534428107
0.101902084603296 21.663447212601
1.0915769945694 23.3653687587595
-17.8747605540507 -21.9347315633576
-2.16295804511159 -27.8490699165957
-19.9505746837578 20.1042867342276
86.8315870596979 41.5268751835905
-20.5138729232957 37.5942962996535
-17.186917893092 -23.173042889164
-3.12509210367239 33.4729738813537
-8.97394838597084 29.8813792957863
-8.16729126260519 -23.9986738518088
-7.09778513725066 26.1402413017942
-6.1623657090648 32.4001973904709
3.40389119883223 -29.8209732345681
1.42806012546764 38.33762747618
-24.8751423555241 20.9885135672985
-29.3834494606483 71.2552090117775
-2.74080948393479 -22.406381502975
-4.36528896150314 -21.8419271847763
-20.1841581905535 -26.5797718199883
-17.1789141725226 -26.1395363355089
-3.70510501066111 -21.8654826383887
-20.9252763293782 -38.5266834779541
-5.86921011276711 -25.1706013878302
-7.98780790882859 -38.9783145160441
-1.12470134720159 35.9062828752447
-20.0181624513535 27.9073945964512
-14.2547649847571 -32.7361701607089
-15.0109400385865 -30.8874850111268
-7.30304504155033 -34.2368592848841
-7.23006647749521 39.6487381979599
-13.9121702093906 -35.7314627673506
-57.2023043917961 72.6965491931292
-8.53056420927889 36.6664869346438
2.14876325555515 28.9398353505572
-49.3025093633582 -79.8787529001752
-18.3848819005506 23.0458908246178
-24.4458834972555 -36.723507181613
-9.01035183250464 -24.6318754318393
-4.07041439510959 -25.1969703187208
-63.185145820596 -43.4398422671435
-17.656034490947 -28.5007397712347
-1.79628035842732 37.3833170484522
-15.3965857473727 39.5895659571948
-14.9275213544603 -22.4428744902635
-14.4586977400771 -33.3977110579117
-54.7943983968983 65.4649879882961
74.9744327116473 -28.2760196813989
-14.0442425997045 -20.2222008012063
-80.6225267851624 -30.2812204418862
-16.2987679157811 21.677998033428
-10.5504699283915 -34.153357976104
-23.3704914825223 -33.7717693274569
-72.4546932980684 -8.36906717944631
0.38901843020902 23.144757228421
4.55612263612085 26.7428523336579
-74.1267259160827 36.4294179641877
-22.6353629349589 26.1349849767733
-14.0197369357892 -29.9056459098495
95.7641766829897 1.273646214653
73.8816069201705 -46.3532320945094
-19.2098887304293 36.283157527602
-23.1765358391096 -20.8548777409479
91.0700724915366 -22.3841932515761
0.960500401232309 -33.9525924382166
-13.0000963595063 -27.1242296811168
-13.4114258307346 -30.2145264665723
4.74533029024375 -30.4276350195767
-9.64505865642664 20.7074612661209
2.65596835146095 -38.2226572980029
-16.6602301784773 -32.4612303671163
-18.1833856359786 25.5179600311996
-16.0385996099797 -28.3157830021576
2.80623743235619 32.4576986227085
81.4526154273579 -42.6974080481141
-17.0479422137489 22.1503069178362
-3.56531091551219 -35.7245967508285
-87.482358089258 -3.27037517325041
-10.4928135019714 -37.462628548565
-19.1204643686883 29.7558231375243
-9.66950577934853 33.606351955159
-18.2863434742581 34.6708760589435
-21.5026669850635 21.9837730981242
-1.5423049718731 -23.2978194855741
-23.6260584460361 38.9286684689339
-17.1067942600898 -24.6195883505312
-73.9452556152164 -56.5236894099369
0.164030910113588 -33.2572808297655
-1.03012770752287 29.9217931370863
-21.7543159190345 -33.2936223632343
-23.3784789682883 -29.7898624556127
-12.3703455356755 -38.9895854232765
-20.9552833523701 35.3269251096427
-76.6577870802254 -46.6651552366902
-53.8142124065931 -46.7021792004381
24.3117174856581 -87.6397001045685
-2.46750265323527 -33.7902867768036
-10.1038868325299 38.2556600027171
-1.42711063359165 31.1167692178565
68.4693410217431 -26.4110065161835
-23.678971581195 -22.1596052032705
-5.92621860505107 79.2734848855415
-24.2728919309676 -25.2842982356035
-30.4220644831322 94.2797721013664
-18.758787361744 -22.5859127724805
55.7754656292185 -52.7917775211551
-20.7191515193463 -38.6366916266662
-24.159827542002 25.7994913540784
-63.3213279510761 53.5369596459769
-2.9443990048647 33.7719238208392
-19.8691182655705 32.2371110910873
-20.697913299676 -24.037788843942
71.8087924910767 -44.1605656588895
54.9050959954437 72.5631040454898
-24.5314417290512 -22.0880319438454
-11.9818933591605 69.8278460463
-20.2695576759204 26.1204199044798
-0.124681743013078 -34.7653725292368
73.0262091344572 -41.4660572570794
-4.89547693645289 39.0446402553866
-18.362822532394 -30.4134070183209
46.6596897263301 60.5871618065926
-12.1829771852193 31.8452062356334
-1.11949940771037 -24.8145705929988
-53.2603941337345 -47.774469461677
-7.07029681919222 -71.5470524067122
-13.1600972072972 20.8670791528638
-13.378886738533 -35.5800305710224
-23.4677805823949 29.603788725832
92.5133618842064 32.367074102519
-24.085904681238 -26.0138333542154
-0.816147235570348 -31.3632837232706
-93.9640617968393 30.4874161181169
-13.6943936849922 31.9927317693906
-14.236941354682 21.2267149408537
-8.56457673171558 -28.9599083475676
-47.7727506702833 -74.0537520336364
91.2549646402185 -15.9667653788005
-12.1802468679223 34.1230357942572
-23.7560458267742 -24.199258219175
-14.319877482594 22.8371128052917
-7.75473654588001 -29.1571265180524
-2.04742203375652 22.545880259017
-4.10541739265408 -35.4911606283267
-32.1359490052191 79.2665039621885
-3.20177622492341 33.701519969767
-21.623345479294 87.4550091866919
-36.9135884812855 -62.5683366707247
73.3115600569185 61.0715614145049
-8.79342390839884 25.0069566152773
-31.443452220172 89.7991151364341
-11.4181690117975 37.0316656657778
-61.6025704346205 53.4755163923312
-7.34718162489887 -28.7821036335156
4.69932111539755 36.5053513735267
-10.0532765716067 29.0369006354348
-23.7525616163013 -22.3652595486973
-73.5240412690564 -49.0767898468489
94.1762233811687 -5.52584215816633
5.67210192847202 78.3988691539442
-22.5242588591917 -25.9909274719268
2.12030097292253 27.9782992225661
-22.3845993774142 -32.9951579080711
-9.05302600046578 -30.9286063772618
64.9867100111674 39.703608369078
-23.7417114226126 -36.7651915966316
86.2941254887012 -39.6350893265285
-15.0219737942323 24.4217121688686
-2.77389130236088 37.4274136019432
-35.2955428726764 -61.8677857514945
-19.8692413399763 34.620004194221
-4.36071340534384 -90.1945292522036
-3.97796970892031 -25.6617017465506
-15.8396758769307 -20.4337093264321
-89.378457230051 -18.2109761707373
-7.14961175546772 23.8246140984452
-20.3801317590816 -27.0773494891886
-18.3636927892766 90.6874102329271
89.0234885133632 42.292391018423
-24.9565767037552 -38.2480489973136
-6.11723050674144 38.1353661952401
-21.0403968440021 -28.0693068546726
-1.59591768100746 -24.3218228228475
-30.2832205031099 -67.0195233712955
-11.315999286482 36.4484708232221
-69.7173738661468 -9.39365653878153
-5.53334656907815 39.0505368743094
-6.5372529630562 38.5949069040947
-21.0800668174925 -31.4801536698391
-93.8888179501667 15.5585986953483
-9.34193065483051 -31.2602874325504
-22.2546873243506 23.1129149728352
79.2810248062654 -9.8876118761475
-65.8802518564735 73.1013211365167
-13.8803236693484 -29.9957971127805
-81.831739270408 31.223484461659
-2.67888297988761 91.9234496245209
3.60371967255684 -32.0598368568803
-16.846601632183 -37.3186332302519
1.50667205941449 -26.5924183105952
-83.2852244577888 27.5896050833921
-83.1491580112424 -26.2364791852231
-18.5923551503222 35.9279001953086
0.551466246392671 -31.2260906587125
-0.914934689933347 -24.4274582434033
95.6269806552399 -16.4523196233758
-18.8126429148702 39.3870922567563
-14.5498421626185 30.9536350174531
2.279808429561 -37.4944617910841
-72.8609550657762 40.5467072588291
-18.6195745495819 -24.6172296598463
40.4145191562933 63.3796961044533
-55.5502004258847 -54.362036140796
-17.6736476619003 -34.5944593842775
-9.76883423932101 36.0316075056553
-23.7725068835338 -25.2169423120623
-81.786217008858 -34.3321027051663
58.0177981688277 -50.9230593749034
-21.280326988876 22.2743671342652
-18.2994603626295 24.8481803050635
-16.0651079314145 -36.8920721592311
-59.3104914184332 50.5462004895545
1.0279699416315 26.9753568054951
0.129514465182758 20.6031071205669
-42.3930676443649 63.8403158056761
-6.34414959734787 -33.2204818065087
-76.2130115120163 50.6469255375296
-56.9201931508435 56.1086415601343
1.40784103829318 27.2211727118597
-15.7656520300701 27.7422932789578
-84.0329449283387 -40.5294936293788
-2.13614000032276 -31.7358073074095
55.5644402770023 -60.1436662502472
-18.861554229018 -26.2844602873569
-13.7129569703475 22.8965191613633
-19.1798067761456 31.4324886572155
4.60538182144219 -24.9902824597094
-9.16592830129577 -27.6882722681621
-10.9042091528375 -30.5969984819357
-1.92833839510808 24.0814402939682
-1.68107535165717 -23.0836080883113
-13.0490696178834 -22.8049464842239
34.8055392956133 -73.819460773234
-3.18692963987811 22.5079637385375
1.20416810104345 31.8070324502307
36.4450877047242 -87.8592487374095
-29.865984007926 89.2074252338779
-6.57245939273178 -37.3593185263977
-89.9902930015005 32.0102378318456
-18.8325385249479 34.1319584852302
-19.7096326847835 -39.3758201968433
-19.5836456731203 26.4558983726232
2.27181621855792 24.5659460197491
-15.3584980543316 27.8986466259009
-12.8877407598709 -23.9808499608936
-18.0144344096062 21.4891357313221
1.76641613409259 39.6846332292865
92.8980961215541 2.38614376304852
79.4522212787714 -29.4588284464606
-19.992603891207 -38.3555147884033
-24.4319461134684 -22.2375533972026
91.0042821355578 13.6955623450002
89.5385177097918 11.600872967308
-0.685309579999789 37.7555857603076
-9.3725236231046 -27.4782980490539
-12.4965834167475 25.1596763817379
-20.2015517209818 -23.3078295285737
74.4474594319642 -48.9712078217026
26.9673675292003 94.8946165996815
-14.7398952353803 -94.3520761343212
2.1769361435917 24.0639649675219
-22.0310274609683 94.8721492904381
-17.1562446989569 -29.5986679652423
-7.34987267810997 -28.9261686084193
-10.7637775977536 -37.2616790777085
-3.57238606001712 -24.4125901392272
-5.58577407526585 -31.548921057388
-11.5593556160666 20.2551038873729
3.75926804633558 38.8546224084021
-20.6236499860078 -35.8978983333273
81.8172329222977 -36.7850830838479
-3.84134078850682 -26.5462670573417
60.9214392996181 43.0423160617429
89.2714889006809 33.5533703874465
-12.1414446687633 23.5319703403085
-18.5326636933555 -37.0296128483831
-19.2127872013129 25.1542244861079
-31.6422722378321 -73.8007017369405
3.13381775719535 39.7473606743768
-10.4350856509899 -24.5169531521991
55.4480512241486 -61.087317251369
-2.40688295882645 30.5389914738441
-16.2411631132763 30.356154020868
-11.7560165957183 -35.7823009225457
0.94376150793174 -39.7628340335152
-9.0429177780241 36.9625634449582
-10.0608212626025 -21.2650550823053
29.6462892107178 -76.8738495060504
-9.69358086566579 -26.5212922068259
-0.855682587604427 25.8903619274139
-0.493504468080204 35.2634885305614
-1.89198206526573 -20.6449647366544
-12.5307746472607 34.8609400068218
-16.587945031675 -25.6379052953102
76.4998276494371 -26.4558167434637
-18.8412423660236 -22.5294904190729
78.5650489867465 52.8213594951097
-52.2918511355378 -77.22850581882
-11.1100546871815 -21.3783326585396
84.9763157580563 38.8831221599033
-30.5129396932973 94.4402069083455
0.34706144298827 -30.9259414324939
82.7748836620027 -21.0361805671262
-21.6209895208405 39.2869823459598
-14.711775778679 25.0647008748171
-75.1974768385123 -56.8179487857851
0.00325342840099552 27.8557792981761
-21.6154915182962 -35.4942897694066
-72.8402740116487 18.4428568589798
-62.9003023166202 -38.2798461505378
-2.5544723571798 31.9310655771381
-74.8933218500132 -29.1086617826379
-84.547291810022 -33.6612116517508
-13.0098280061332 22.7898146572181
-13.0288366767134 98.308504819684
-10.814346015353 34.5032614121088
-19.8854300583574 -27.0425627185066
28.2301630549203 81.4542723590253
4.64057470940475 20.3968433277675
-21.6377079547729 34.4777078811758
-20.5550352033199 27.2391843563559
