4.4749449969186 49.8656902699803 14.2271904073574
7.88553695051583 83.9763479775753 -3.52891963617575
4.76114254581571 53.3998117709771 -9.73459878413556
6.47255519696728 70.6264441223728 14.7468074396551
6.66801813088558 72.3895590766884 -6.43580416880522
4.73685683071487 52.8746280312594 -9.19014819871429
9.627609174408 101.588634716076 -3.13211982266398
9.53209989751983 100.641799663352 6.89590161535711
1.52841350689616 20.4673158473057 6.93009348135294
5.69965754305976 62.8021826292549 -7.90322870500345
8.54250778382092 91.3519788636604 5.57117836383458
5.90393059565571 64.2488330975267 -1.10742522108947
8.09420281288755 86.1091035718962 21.3847702831062
4.01062704985826 46.0159835425285 11.2173069424959
8.37138491204694 89.6625627165298 25.2376813622851
0.449155789491584 10.0710155373346 16.8693013307089
8.99339734515198 95.4749879237191 8.80872205195868
6.98305844119325 74.9789452506382 7.44311847699373
8.06957328959722 86.5340916328223 18.6510518333758
7.00920029257247 75.3143219421186 11.0016347039775
0.901386676572891 14.1988059528594 -0.676731678652967
6.22023153642026 67.4353235461192 30.4757171235432
8.04960587254197 86.0825239865861 16.6133848416527
5.95371040888708 65.5101451568362 3.94633630198211
3.13108495048855 36.5641976002999 24.964295938879
0.3562294605738 8.63960612764722 26.3398109215081
5.87681760943948 64.7431818528521 -4.22227453983869
3.89145578742756 44.6385084609645 -2.78215840704464
2.2507752443666 28.0543556674249 30.8039698966305
9.29548793661887 98.3026166003613 29.3733952633394
5.62097527037036 61.4319216159978 -2.67633795378
7.03713595723983 75.6381634176822 14.7082124584979
3.28535564327357 38.6852325431907 29.7419314813681
9.45677597442518 100.540267321501 16.8405231824641
4.01990829568799 45.2914737295368 12.6018473404675
2.00181796432048 25.9847241749887 10.5328045225989
6.08788725736179 66.0694976857698 20.2373147179834
1.49420269447084 20.3025084985101 11.7833399546734
8.59586246242838 91.3464834934073 -0.569350651938834
8.77208413181435 93.2747680874561 -9.60750140181485
4.15322753527196 47.2643938899068 26.2927732194734
1.62700182359835 21.7516324274657 -3.95764707206581
4.02424134259203 45.4701189738661 13.6029985004565
6.54449636975158 71.2891146623238 4.9574315737475
1.36105499146272 19.1591130579861 25.5836294520753
1.78977856664993 22.9761793146349 -8.96332864463886
1.24886616471752 18.3431158837223 30.0069171585034
6.78807629503595 72.9404444491207 -8.64304501538928
4.85245700502961 53.8440988444265 -5.46965156672179
2.01287871650045 25.4421063155962 12.0127288518542
4.272950913311 47.848935179365 30.335834049708
1.53729931155624 20.6290756504494 6.44834129133533
3.02691378556393 36.0728544719704 13.4608279126001
5.92457264088516 65.1663508172452 0.826969521694828
7.27948443477782 78.6168251283541 30.5793263104607
2.30949636914019 28.5479929954821 29.6399371559998
1.15317206302766 17.4328345372359 26.6197135831978
0.167602802485831 6.76604414058535 27.4126695776026
7.1412130885221 77.2028884697509 25.7773608615768
4.2501899936056 48.2779098496023 30.7071935794106
1.57011466848434 21.1516500440413 2.02120604668201
4.44583835399293 50.102889319012 17.465401713617
5.70525421283701 62.9270148413682 -8.82698672099728
5.91315198338592 64.9009046959802 -0.123489187716878
5.258000055826 57.903311538999 30.634282909708
7.43457972730262 80.0669579703248 18.5235990610189
2.06062049210313 26.3843816962133 17.9678720334353
1.47299952611775 19.814546080193 14.0490515437448
9.62582209637493 101.481146387205 -3.6830542608679
6.94147563063659 75.2846130934461 3.17726993499382
6.74242633964422 72.5821612870911 -9.54358911760984
4.85983502617543 54.3468199197897 -5.46732111631586
7.72022828341481 82.5632982290247 -9.18020302730513
0.50382010418879 10.8955284452881 9.69981191216834
9.26185777435929 97.9574797761104 30.1849445694179
4.22942327642289 48.2268888094631 29.9844921287746
4.34238693731874 48.9166698144923 27.6317930222722
5.53070388890738 60.5248275518896 6.62482003194095
4.08744509395699 45.8883149372224 20.9337203082561
6.98907837942571 75.4509086617172 8.71359073994014
8.48211422899286 90.5285000322038 13.1928859635248
9.59236795921136 101.726057943347 -0.0100298713485358
2.19586105826263 27.8760240773825 29.2428252872685
6.15794265002648 67.2608427751177 27.4228228607745
1.35791296484218 19.1935423472876 25.9165338314505
0.440163283820354 10.3337754366835 17.9833015529343
9.35820441765042 99.2520715179977 26.4425335438515
5.73857123753427 62.9143612798778 -9.24012618575714
8.59554022539132 91.750480350586 -0.725927304529126
8.6935253344425 92.73254078713 -8.51609692763063
4.57309757917297 50.9221580654764 1.55177483039611
7.82133001681387 83.9242839361674 -7.84706591366896
0.688263247056007 12.2945970110732 -8.24866503173828
1.2088401848191 17.2106033488672 29.3801272729116
3.48725612141703 40.4226011704496 11.9155631569015
5.85946103828363 64.167280516636 -4.79262076174972
0.954785507361784 15.4950028282715 5.12945152729271
0.27127685756632 8.55681509352756 30.2521007190493
0.587554873509042 11.0251067420801 -0.159901143885195
4.68491012224035 52.0562245537139 -7.27073721697924
6.43538094314511 69.4234947135094 18.801650327033
8.71560350838301 92.410609991273 -8.55686792857206
8.57984848902628 91.1200196593141 1.46672266254578
7.84603565802783 84.1131171367947 -6.37895404205969
7.32626672394733 78.7273074007855 28.4231649700091
7.64545871151007 81.6662999274639 -4.80197685885276
4.2064819968385 47.9521227174625 29.4616396489336
0.419766948350286 9.21614676691412 20.5460888651834
1.02362714392559 15.3279528122734 13.5091273769395
5.81102915183088 63.3404555703712 -7.78180200432131
2.15787682311241 27.5288308786285 27.6203031998265
0.983045148505113 15.3933930795177 8.16828905592961
0.102676110155393 6.24071539261142 22.665338049334
5.1198570626935 56.6576104845334 23.856566735323
5.4088783768557 59.2043320707159 21.8304378792857
9.5406006144691 100.836955591857 5.91156526773631
0.658166518187961 12.3312532925781 -6.15235350421476
7.86058039941445 83.9146758627283 -5.67259208779429
3.80653060045926 43.8353652145683 -7.89547584514929
0.236187917620185 8.27680758296915 30.4947522544532
0.539024642151027 10.4635917390512 5.73357594265369
8.6495616314901 91.7148830896185 -5.12373103794514
7.94517903171592 85.2597834646991 3.58617119060515
4.17895453241186 47.6172288335856 28.8174033538405
1.87325965154532 24.2634062867927 -3.84839777435651
8.96910279679581 94.9812585144359 5.79821001839088
2.02362502975102 26.1570836385699 13.2196546270528
0.971051881540035 14.8559233031547 7.14715698674074
0.745675625189541 12.6970752210867 -9.40033958709837
8.5255407134941 90.3779308610948 7.86320524382444
4.56753800919468 51.5843242949764 2.33578376799234
9.02104865605224 95.5044179640047 13.0614713711475
9.39964908950504 99.535102481088 22.7919007481332
5.05698261500235 56.2922032043698 16.893088669851
6.54230792975749 70.8493127162851 6.13951711075047
7.68306674044695 82.6574810109485 -7.41386773875471
4.41853228850707 50.0721204144139 20.2610138861962
0.173544585186747 6.81538995273441 27.8221569485982
1.74456502714118 23.07799796455 -9.37024270107026
6.10547029009552 66.340380580899 22.0098529631624
3.12905422148294 36.8680957665268 25.3315459477075
1.29620864995296 18.4569013646402 29.6539178470609
8.55603597092266 91.2814210304158 3.66895776713991
8.5557891552925 91.0389930137914 3.72089352790774
1.17912108638794 17.7692778663202 28.949254854783
9.72108485259589 102.931805347917 -8.57822163872342
6.62632342069426 71.8404766886829 -3.06691523628209
7.27948954789952 78.3041016258048 30.4890977264341
6.69011826747852 72.6849153045219 -8.01180794519435
8.68996772864925 92.8718352140897 -7.86948318829911
8.12041744832538 86.749642827975 24.2586893642562
6.7371082278963 72.8546170110426 -8.97527201921891
1.47739052962752 20.0182718265792 13.0702544064745
7.48037792654237 79.865144243255 13.8169620988047
4.46485062672988 50.3236145466094 15.0465791980024
6.65378217318704 71.6936871009651 -5.50038519710598
2.07397875413012 25.8688139890844 19.4529976953234
2.79229491812565 33.7695099232013 -9.30181394397981
4.53972187898085 51.2377000150198 6.08723236775651
1.73272431173316 22.8274136544718 -9.76696081645963
3.27762349660933 38.0868176710321 30.0485449183468
4.92678143306712 54.7525141212495 0.862496200478006
4.82241556100885 54.0925258094289 -7.34313507056264
8.37385806549378 89.3406905881035 24.8582082015156
3.85896099186869 44.5316181007829 -5.06995665965707
6.71469005825195 72.2726967912735 -8.55551587755882
1.76655984145167 23.2490689344061 -9.49041878000939
0.263519805752566 7.86294264787395 30.1779741773924
8.20293909821519 87.8792539690302 29.7254357983757
9.12139299263266 97.0569016740752 23.6171225189814
9.71418036849339 102.538663885981 -8.45859385009678
6.44250947419522 70.0445594342518 17.7602138857242
2.88272218988897 34.5726507598358 -2.86199738657882
0.654502864482183 11.6769793792237 -5.7627530850579
6.75143960073722 72.9161836746087 -9.5956633885072
5.31820620857403 59.1807537822925 28.5992502122837
3.45643829578709 39.8954469584084 16.5486295677047
2.83312142669281 34.2565378031147 -7.34114364727055
6.33388715230151 68.9791965409999 27.6227165066771
3.18110845095646 36.8534640323645 28.517657542501
2.69650197065676 32.1761595982593 -8.77275666919273
1.20527947164355 17.1152586038776 29.3278858125639
4.27461018641008 48.0420629701559 30.1508338880585
4.95489733540225 54.6256808658344 4.15499856547042
6.66712559635958 72.1490580041622 -6.90533976965592
8.85968107522423 94.3010329813449 -5.7515461337983
1.20064341176768 17.6365433523391 29.2469432540834
1.20859877544859 17.8000001869556 29.5744128557598
2.8099631706711 33.9776868834921 -8.30381049490565
5.67215391485909 62.2822868621053 -6.54015527182214
7.07580371696832 76.6487930667251 19.1806669687545
8.66502422500574 91.8499480695625 -6.4411597940413
3.82631727438142 44.2116474295009 -7.5584716994532
3.22860053381369 37.9347163281872 29.8098885169527
1.44183304507887 20.0202616865739 18.1968648662387
0.54554319417548 10.8262311174922 5.10969818066913
0.596434939200101 11.4315781384192 -1.16380972153499
9.51575866869796 101.015465315663 9.32982975757813
5.06819288837232 55.9949942364448 18.6331291572196
8.81027288910261 93.2299497734481 -8.27659013654293
5.68532469414524 62.8352209204475 -7.86982319765617
4.07847774389474 46.77765080893 20.0974979164716
2.49163289695442 30.2305377847672 11.9322583452411
7.61660243725458 82.1022622147779 -2.67234792784497
8.7771982717091 92.9323331152164 -9.01205055406538
8.88601899064689 94.2400525300994 -3.04783530048257
2.08108266973493 25.8808439414521 20.2231806305098
7.77799168149741 83.3981665588694 -9.74330974654692
5.37777943214397 59.6107075176583 24.9903789362427
1.07735399472752 15.9385860333342 20.1357913275183
9.73656795683862 102.668359862703 -9.08717838342919
6.52833810299569 70.756018228062 7.68691201559757
7.63978223970003 81.4817607929374 -4.57654689827759
4.98258643999684 55.0925967235862 8.08235304893861
2.92155837413372 34.3844249562509 0.652057330612665
8.07278068931268 86.13103155664 18.8163898200006
9.61004502357273 101.843491021633 -2.24828409532973
4.22922002071552 47.9116491905289 30.0459754487462
4.57899143807477 51.5720204423835 0.782807378527995
5.0402471251212 56.189119123108 15.0637123184648
0.56906730368059 11.1519078812657 1.85077746285583
2.69155756823828 31.9358179440329 -8.03546799679843
7.57851539751396 80.9671120719182 1.14884942201453
2.57174117365892 31.037662922051 2.15960244367566
7.53073828219502 81.2694994499889 7.57487797687593
0.851308002652971 13.5798637198097 -5.83727632119788
3.01632909352943 35.702915444079 12.122151675471
8.12545116247179 86.6547274139561 24.5192753817729
8.0813202209821 86.2704881253528 20.0591763583085
2.59851440205914 31.4713305553443 -0.935211463133417
3.11319904365131 36.1484063177059 23.8931682021609
5.61812871208687 62.0422297709119 -2.36612454549176
5.34546126779194 59.396489997968 27.3258021375202
5.37396390649668 59.3136243794455 24.8201722009169
7.14838024813556 77.375677880743 26.2734770074593
0.93347987604119 14.6179663336132 2.50737905951184
9.35011318514473 99.1510475191644 27.1543268465135
3.06581396503894 36.2435104761805 17.9951782239776
7.18858597814272 77.682070948084 29.2454164113502
2.51291932016571 31.0443204730744 9.15153191410112
0.885423100413085 14.1350497658536 -2.29953158115518
8.42153521825601 89.411046438106 20.6325046845904
7.02692115382344 75.8685043090728 13.7673217652267
0.321102683183767 8.60798477140643 28.3625380813566
1.19940795858884 17.3043583472574 29.3774400693481
7.58744470913307 81.5084756770787 0.240244691426211
0.28564197939442 8.36561875577262 29.6444856691541
5.28606345453099 58.3770337624234 29.892524939474
0.668708945648042 11.9824653294628 -6.77556576307988
9.37684975859476 99.4796457760181 24.7737195224644
1.95130939730799 25.0591025040231 4.45423614423671
9.90817920383876 104.802971467233 -1.16846830223388
2.71291388529125 32.4005427874084 -9.40840867314116
2.09765835204074 26.7165625042962 21.7620830114101
6.43769377957579 70.2841455838102 18.5006764145617
6.38896842474608 69.76161468482 23.4757455111244
2.51053162013708 30.3399970423915 9.33389461486979
0.313501885738745 8.80509574546032 29.1966706755023
6.69074121620124 71.9100091360652 -8.25404618215141
7.84401423861482 83.4653975154431 -6.30023633319272
8.97015679518507 94.8031846190166 6.66616983185089
7.30997624155059 78.7248444612337 29.0333028343137
4.78485591350772 53.4272002222032 -9.27513694323159
9.1470153663208 97.3803089679799 25.9689508917625
9.44387939153987 99.5802267711802 17.7056365930222
8.79930302028278 93.2928457027053 -8.97255222932356
9.17826670391886 97.1740965429899 28.3705173223147
9.13571874357871 96.5644927935838 24.9962598910408
9.96852393700198 105.267195394702 5.72458835717648
2.50105999295748 30.3181541407995 10.3256986918494
6.40865661845435 69.2238261872066 21.9955328534021
4.44568255223103 50.4557109597728 17.6673233867205
5.60455167218098 61.2360305770756 -1.54508613707611
2.6308940504908 32.2021751860191 -3.99118975467324
1.97362100884927 25.4069080005511 7.46088886039983
5.49359389159179 60.4864384937496 11.5296635484581
0.526878201275629 10.3814592450208 6.85479021154347
9.42932677064441 99.6727330645715 19.1427876787028
2.75270995278685 32.616106193779 -9.09292537783375
7.19611244528309 77.3352318439266 28.8231713974229
1.81465243059083 23.1563606705568 -7.91488264495992
1.05365780168292 15.6197967768275 17.001624454625
0.231382758254277 8.05703120874566 30.3334925526504
5.18957093503815 57.6399844967626 29.2609869427595
3.89016302022487 44.5452882987231 -2.92107476538868
8.29108020992315 88.0460482471192 29.5990337096617
3.46848442648803 39.8354854442626 14.2205653401532
3.63572551866653 41.5334164046197 -4.28677156014763
7.86618927016097 83.6664037773005 -5.12589928009841
4.45271037830317 50.4414097436574 17.0457425222468
4.03792406236985 46.0590400230285 15.4102856245747
3.40325520978809 40.0161768919235 21.7639874215201
5.86574745623569 63.6944785134678 -4.37386507505837
1.76731860022748 23.2194783663435 -9.31249585330852
2.7459215614665 33.0588451688316 -9.88227768058097
1.46674949703922 20.4826881739488 14.7122951110666
9.96150424913228 104.680815866756 5.436390023798
7.8698908122616 84.5446456309647 -4.91213908364111
2.79506957917587 32.9756047722575 -8.30295550448961
9.94613824524066 105.355607507565 2.76663567607203
7.62108911566049 81.6382635244242 -3.09023330865885
8.30227257575267 88.0574864831929 29.8531489182154
4.0968609246492 46.6027431657588 22.041348794673
9.22029829548833 97.8847043587526 30.2602567336813
5.40984064113506 59.3486160070008 21.4539655763358
3.00830907614461 35.8456360174552 11.4850032424036
3.83033524530358 43.3261918176676 -6.90705839409193
6.10805757028913 66.5150738801448 22.8107248652654
3.7586206496535 42.7327219306771 -9.73297366731479
1.78011518463499 22.9775603166182 -8.70490923602765
4.15493130182096 47.2644334020449 26.8821856030153
9.05590055871116 96.5398535057788 16.7192958760381
2.50942796049944 30.156954922052 9.55037289890737
8.63015314488713 92.033971731011 -4.11867399102694
6.60307040354947 71.2993433196678 -0.971199380922972
5.66099943005298 61.9077646521057 -6.44355106884042
7.95759372876109 84.6992012518596 5.20518677532582
1.7291778327651 23.1496151421222 -9.45912069546277
6.33877080517987 68.8372220474596 28.1143803556131
8.46614332775928 90.361530426678 15.4954276758918
1.56204570155527 21.488356640301 3.12080649085606
0.435096414500507 9.97711186982939 18.2507743999781
7.75278018246436 82.5738484917618 -9.91496692540734
6.78385525322028 73.5170619512487 -9.61316415364011
1.33394250298569 18.6980795999346 28.228756054814
6.08339622332885 65.8617184447651 20.152639883283
5.19614183257726 57.7154126275388 29.7529185388596
1.05336198669008 15.9546744668079 16.9851439571658
3.1721043661398 37.4121644352466 28.1907566165545
8.62578741144979 92.0753400418848 -3.33884268187043
0.800358108486385 13.4711879333852 -8.62562873719988
1.83775833484418 23.9537788668421 -6.22816895348661
8.7180566840421 92.2886939235473 -8.62535017730903
7.36860103816944 78.7009095199854 25.4667814897118
1.90470992141098 24.8605382935877 -1.00377131742869
4.68007326646912 52.6546587643333 -7.27808592565267
2.37486047853228 28.9958050721971 25.0524769892837
4.4235443512742 50.2321542973228 19.732580421978
7.56491205608679 81.1274529459595 2.98556736052563
0.525142824437239 10.3401267002066 7.3322850777076
5.28668251152499 58.6455214948699 30.1779544360099
2.95665873206467 35.0035512780946 4.68081523501085
0.750958665140722 13.2257745202338 -9.01647112466166
6.86711370846737 74.2829697086061 -4.37465102827264
1.71846041203398 22.6451181871141 -9.44597130276873
5.79151773004448 63.5825162908956 -9.12967476638019
6.29831976639704 68.8075120489572 30.0470174446074
9.00668273420735 95.4609332300111 10.7382110658532
0.408997989706172 9.35870912136124 21.2468739487805
0.743358436012826 13.4290655708056 -9.5735720489455
5.44191598539424 60.0293708535792 18.4006950285206
2.32321161489679 29.0802173693088 28.7718793999152
3.19208597641254 36.9253804362684 29.3431402658078
7.55422475725091 80.6926742740486 4.64303483834019
4.16660328978619 46.8875172252771 28.0790186665165
3.02878430727901 35.6236097950113 13.740484403991
7.17823690668059 77.3238023773631 27.9600387009716
3.25633159062129 38.5040674206545 30.4090058091464
2.82507017763304 34.0306356454972 -7.24431641782883
5.93698613852823 65.3248692303473 2.23455839034481
7.84755284042919 83.9757868678809 -6.57952592106929
1.97150006371579 25.6103135787669 6.63164455137381
9.02166483285722 95.4039127377243 12.9868730944334
7.03032071074375 76.0130915594666 13.4324099551487
4.89906427257967 54.6210349629541 -1.15528082753741
5.78718155569128 63.5708275966747 -9.11552630871371
5.72733464920816e-05 5.19345302212061 10.9437360891131
6.44713278903524 70.037701124976 17.1032737176476
3.10429098866795 37.0100347794213 22.2549110293227
2.63154774312405 31.9025773177918 -4.52465644587463
7.40887961533101 79.4079296708939 21.7975019614152
3.55081364338332 41.0164518889702 4.74266372735714
7.78723393857081 82.8987961099844 -8.98049102761482
7.66739106709274 81.7546570421826 -6.27053197220761
8.9014043867429 94.82250664707 -1.95237635652049
1.32882025830767 18.9073108311406 27.788946738148
1.05771453688508 16.4942881367339 17.3752756357419
7.2719204107657 78.6720390883156 29.9323276793545
2.4454944672868 29.6741196652543 16.8934603197793
8.05328207290955 86.0241183269254 17.0168628576683
6.31188728336173 68.6089017677122 29.406155234919
0.270466037022956 8.33922072303489 30.3610064361979
0.214816838906522 7.42633015246607 30.0460824692998
2.19408909207871 27.1511413485223 29.5801302979927
6.62856635509801 71.4111834436647 -3.4448144446751
3.81889158808413 43.4869985287661 -7.50722924374406
6.58173402222783 71.5898016227271 1.44958438569328
3.50349394256455 40.5905942244038 10.4948444603653
7.97217997892847 85.493053112964 6.26302785344606
0.723164818742745 12.3069525272158 -9.41152545254392
5.96019997738903 65.1989994232758 5.42061838541907
2.20130836020914 27.4493124412682 29.6968257574707
2.09590107263214 26.5546707633612 21.3816936724186
8.55482834662361 91.2025096407871 4.05239158958396
0.320969486440923 8.29936547555966 28.3899419801667
6.71337231192496 72.557316638619 -8.60628809962221
1.84875197218577 23.9903737422413 -6.09215900843908
6.6465526818839 71.7636569091152 -5.58249051043408
7.2328097342044 78.118727233037 30.1257997783839
2.60351210297259 31.3551605928921 -1.10232220601446
4.44894816434445 50.0553664049155 17.1609663003847
5.87981176997012 64.7823408510279 -3.38938515659844
8.72725809011879 92.3931974227894 -8.72410883495251
4.55982302175414 50.8037576777506 3.40794294544992
6.0068839443186 65.7251747156938 11.1067621878842
4.52301186942172 50.5220470343549 7.62526261429603
0.439629090195801 10.2368160415102 18.063701349687
4.63770295568551 51.6967390823297 -4.83926522064073
4.07317494224262 46.3097266015243 18.8181351573809
5.627893417279 61.4596048498473 -3.52485683703221
2.98801445071373 35.6155613510941 8.62048281934663
2.7312665977459 32.7001030323521 -9.8266651899811
8.75201163449351 92.9421044353837 -9.21630056026023
2.49822823240628 30.2683832435249 11.1837263134406
1.90127073874333 24.7743700773024 -1.5097938625745
5.46697597902565 60.4376314526338 14.8917532362265
7.55344740171839 81.1787343188364 4.56931822754667
6.3300165969833 68.8950853065457 28.2932942182205
4.42652820399157 50.2190914693269 19.8908324117153
2.63267273300357 32.0858179960784 -4.13595517775624
3.84959753966871 43.6825981527599 -6.25122334167914
7.57756606354626 81.4795397156862 1.08923920283996
6.91040936678132 74.1568631410121 -0.579994144067314
2.83458134738268 34.263283206292 -6.4665643296885
3.83226499661394 43.7329241446605 -7.47114241292948
1.18477188427654 17.4073266232304 28.9438400191043
3.17349538325455 37.715621498532 27.9961501453535
3.49591131409824 40.6931378409663 11.5362528079331
6.12018762722148 66.6420497127667 23.7531539491543
7.26413337573909 78.5947412750029 30.2881522825359
5.24595009609396 58.0981038769403 30.0569747162036
2.4738101725849 29.8006581236532 13.4581100903811
1.60362354234 21.9504530237042 -1.13677439641995
7.80479694096364 83.8573419519268 -8.07829948424634
3.20868415220186 37.8638960717384 29.7284992454056
6.59574958054975 71.372995975002 -0.417180440759351
7.30680882211164 79.0113859545067 29.4560684892341
6.71123049664111 72.8768763463591 -9.22367369826985
0.737842752857993 13.2953355739157 -9.07168794592218
5.1398533653456 56.864377163446 25.9428054925231
6.65313857126453 71.6235574135175 -5.80403325141346
3.05077132127373 36.3733337620431 16.4149857035048
9.67330862189666 101.794280310328 -6.45835907159232
6.76284063257441 73.2631298722115 -9.93326104474621
2.78569115530008 33.1897320008817 -8.60796064503377
4.42476547537147 49.9227061283238 20.1626551798697
7.76065475840124 83.2161528682807 -9.86210517310098
6.3895490617729 69.4515994668734 23.6726503703221
0.872639589590598 14.2961202503103 -3.90932977514294
0.446597572228669 9.79711030779878 16.8954255809741
3.23063760730829 38.1989038562763 30.3020196085124
3.11356412694295 36.1640813280065 23.3526749925843
7.55262658514074 81.0566134821318 4.28982974833508
2.45161042244369 29.89945411432 17.1301171229626
2.50471855914565 30.8456130345841 9.72507962839865
1.93219976728685 24.3807565492694 2.34435544691178
9.88252380994229 104.341203925819 -3.88390334181168
9.78850056216096 103.523920407725 -9.50367038363638
9.81681830389842 103.512745952059 -7.95914417166207
6.08259562579264 65.8585341550219 19.6626835989928
4.96610462846508 55.5126495506957 6.18895771386697
0.827763529018384 13.2971741553596 -7.63071932674575
1.53187263870375 21.1183648620296 6.3786778653633
4.50940599528749 50.4858523258003 9.83166698383383
3.58773605887738 41.2922882888911 0.681513730463317
6.61741759597483 71.2912180108488 -2.38956932017017
2.37584798971991 28.9769884725286 25.1469898678143
1.44759668823724 19.9229089971775 16.8249043575434
3.96469306307768 45.2369483573132 6.29491822642725
0.835572136571088 14.2919593202023 -6.25624339587917
4.46851828009709 50.085813427224 14.3880947180714
4.83412880291766 54.1383931801959 -6.72671984056118
3.57331968354547 41.2655854979614 1.92037251627819
3.21819250074419 37.4494070866659 29.712707471512
4.11207998349706 46.4105341255465 23.0791565832374
4.07643341961858 46.7373615021998 19.7692117295405
9.89996008838165 104.067424470793 -1.34733982929138
7.33216285306888 78.714467871298 27.8991646629489
1.72191737106555 22.6622843862748 -9.33370079984937
9.12895925126421 96.5731138479952 24.4304581645885
3.01306140671048 35.7531863630911 12.1277415717755
2.74072749024135 33.3189064385181 -9.37275858503515
0.420603214156152 9.41890735068154 19.8647166406478
4.60584681824344 51.9013066553375 -1.30734260695979
0.73756245585276 13.0870155363661 -9.31629887587071
7.06161533674951 76.111406737373 17.1727779422492
1.8263596704362 24.0568467217818 -7.39537922248359
9.25083844234152 98.0415164482901 30.2918036723
8.71983120435605 92.2279256287417 -8.54599808836221
3.90738724199004 44.4029131024775 -0.232521017932788
8.97028788227484 95.641825757759 6.1822127559824
1.17651388444955 17.1063186395047 28.4518079999484
4.17795220608088 47.3942832800485 27.8927549749026
7.45130699359684 80.4745269260172 16.8831435825814
6.43403107852048 69.7288981927718 18.5855439839465
8.27423741020098 88.2088415604529 29.8901916744178
1.10879640509271 16.880736460956 23.5040404439295
5.57759024543664 61.484032056353 1.82204839754257
4.41624281891929 49.4815502595649 20.5109299625745
5.7029540818445 62.706732149588 -8.82705513911572
2.23448277409762 27.6511417789326 30.3895119486907
8.91824645960632 94.8923493821352 0.625748905610838
4.0611175795085 45.9058130481208 17.9184140553077
4.72707176851017 52.4454418048296 -8.82679400214263
6.17476733558565 67.409897215117 28.4229262111498
8.18466310483338 86.9854790259237 28.1250265839977
5.90788327233778 64.5636923654993 -0.926522574522075
9.94775136556115 104.760497651149 3.47794261796953
7.9805233497088 84.8334637298325 7.26243732958923
3.17410436393423 37.6542538606163 28.1198930681058
6.48288264882904 70.3698968765125 12.9097899442757
2.43339164194552 29.7426299488866 18.4599295295464
4.10250996122162 46.098956372958 22.5245017206641
2.74167410542709 32.4238522380125 -9.18351731537265
1.93576097797941 24.9604774154769 2.44290132482744
0.898077617373474 14.1888196362586 -1.89633615495653
4.53851850455056 51.1620732612015 5.50903589617227
0.41804049402451 9.20472744408702 20.2681392757333
4.14215904344427 47.3595887784795 25.6060369045519
0.114153033742213 6.90592512279212 23.9010623195366
1.83393909623394 23.4562543499947 -7.19694967943488
7.73210297654749 83.3205080325058 -9.50040107624561
8.12476149230687 86.9535328458697 24.4651206633555
7.60851895251648 81.922833491699 -1.40995265674628
8.9327582225879 94.9621416457465 1.8699327908602
9.64431710880682 101.807483399102 -4.85709607518201
9.09389901804769 96.0362963585734 20.8760255970538
5.53214240674507 60.4452222909187 7.17605077466105
1.80868388250421 23.4438436870517 -8.22229325341314
9.75784441018853 103.572364307932 -9.37221215052629
9.33322689587182 98.8290908917916 27.918600832263
2.77772198805394 33.4690531572619 -9.5868302424989
3.16395159577429 37.1882600836598 27.0565837996991
8.56707877105968 90.8348251266368 2.55926743256489
5.85413013513413 64.0434443482117 -5.41471314264678
3.03939188030412 36.1917616882502 15.1174537808113
6.17459536125953 66.7972419520547 28.1468741140909
5.31118351867669 59.0104948377037 29.1230871735928
7.85701509612178 83.8830654425192 -5.70118471622895
1.86739278763781 24.2325483143848 -4.46979463433786
1.78752557159118 23.5604715388902 -8.66576284649583
2.87756969503242 34.2470440252339 -3.63479679075013
2.0548669619107 26.2282629822469 16.8407807642565
0.895188070358728 14.125876493178 -1.79205769363386
5.03234408688403 56.1298344907616 13.7485959161845
8.46902204001999 89.6961665566414 14.7429279468366
4.66446008540711 52.4667830793468 -6.4322756089265
0.550696822502914 11.1877864078544 4.65450378109554
9.3888982641862 99.6833014233757 23.6428732104242
8.69945023041957 92.0698041476743 -8.73339067371435
2.02723207201711 25.6095375648072 13.9725869112278
5.67004322505383 62.197348570671 -6.41758698095384
8.73333385706335 92.4268769776022 -9.56054657932
2.67677472453137 32.4190109798747 -7.26091551144377
0.402650634657071 9.526218637673 21.7938135834784
7.69312391354077 82.0818013658131 -8.3577920986567
2.64780446582865 32.1653347366598 -5.62574294083382
7.19576472878167 77.5143805945204 29.6195191850309
7.3432428950245 79.1559859724523 27.3481629794886
5.43576293323227 60.061803682303 18.7424876364246
7.89273575848089 84.1639305303008 -1.93137622634015
4.09599596132018 46.8708099787447 22.0566454980502
7.4173980281935 79.6784059476139 20.6911483101386
5.92239774429629 64.2928274458044 0.631221297728803
0.170079120401176 7.62114508081223 27.6878080581524
6.30650366350601 68.8162826503986 29.6794171388226
8.94242408168122 94.8901261551944 3.03757022515024
1.26401030814677 17.6419291221231 30.6053181208072
0.609524852284586 11.6331949644517 -2.088383428702
9.23393732824572 98.0709152008069 30.2772120172693
3.21871657015091 37.4282647199424 29.8513038545582
5.13502515973101 56.7497631970884 24.9214737602735
8.93913264564635 94.5203887830777 2.89336714915169
1.55859349940123 20.8922067313776 3.05454217764388
5.75260817787449 63.2514410084288 -9.20959922526925
7.81553217373542 83.2513982998519 -8.46765116626597
4.40297994854294 49.1285885767207 22.6376401823446
0.754877373926277 12.8156094835489 -9.19679211591434
9.70059371797188 102.657404856648 -8.04611460871261
6.01559609059677 65.9438070919655 11.8841767214434
9.10068011588681 96.1506351711726 21.607773346332
5.79053843301942 63.5334282743018 -9.11844216175227
4.68499052527658 52.5403433013232 -8.21990548916973
8.49947840580441 90.6922383553893 10.6652354803657
0.580185043909047 11.4265556578433 0.67747105357032
2.49220556539775 30.2137576739301 11.6354306981381
0.98827982344627 15.0135397779157 8.59285106270866
0.810960568263397 14.0333329413396 -7.7932300604814
8.84311444193788 93.4810118586534 -6.08168814848989
6.47182874979954 70.0656557614401 14.4995336908502
6.54170743164439 70.6208886597098 5.57761751378465
8.81701120546168 93.2529784511179 -7.75199111024822
1.14164912171137 16.5044657490926 26.4856080043571
7.73688296001531 82.7548833283541 -9.49776539238156
6.03828058676324 66.2949606698201 14.9811661547335
7.2049249198443 77.3565497722568 29.4231836114708
8.37224180993122 89.4530017102768 25.558873783361
9.07262116912584 96.2110341363091 19.0476863316125
1.71990977874099 22.8853799140303 -8.93550448442932
3.07566670714536 35.8952679509855 19.1890917892962
2.91223913869008 34.6621014683885 0.115207761151321
3.87204278519199 43.8333468301822 -4.2827050288756
0.0556884540446489 6.35909386953129 17.0469320370262
8.18012485846367 87.3237174076535 28.8731114814015
6.40292576576844 69.1827359697754 22.5074850611788
5.65208717339509 62.2873989290293 -5.45330518429368
8.62950736084809 91.777951435378 -3.2944387603561
4.67069694859063 52.1207552578522 -6.58593677547989
0.352199147597538 9.15411454471949 26.1316430359945
1.35513473456804 19.2235895243982 26.169931693235
1.42044231382865 19.4874839173305 19.9312721770174
6.23224880850898 67.6616655510488 30.79303446998
4.2015144569233 47.735885844969 29.6974852221927
9.48421594218637 99.8730464720753 12.9474940676348
6.46246237183799 69.936917395185 15.6001557213875
8.57688585507887 91.0578696430861 1.42411061910068
7.45810662988195 80.1024625120492 15.9358493785876
5.91815741420454 64.6664475315327 0.668061213400112
8.12855797297228 86.5116151172312 24.9573952341389
4.21780043071266 47.3280907414139 30.3371405126762
1.01175366831132 15.5317626576347 11.8966932383437
9.12774913762711 96.6521996497779 24.3546419275425
2.35971358377395 29.2471131966022 26.4780064387846
6.57909851531272 71.1997499648917 1.1275408851901
0.306195237672604 8.83772132638016 29.0936352864527
9.66316399739533 102.485327965458 -5.88130326804371
9.75632501744169 103.344804760503 -9.94586535848055
7.47010493690652 80.101582105956 14.5150964731588
0.683216413945509 12.0474944780568 -7.98870399076549
8.87231541204919 94.3370126874377 -4.59871048631669
1.11751588500749 16.7936546381165 23.9494436736223
1.09208865126092 15.9599157343556 21.1696672436745
5.12055126928576 56.916801982146 24.10079192955
9.47436677169073 100.003579342161 14.4908336116796
7.64491878845885 81.8749714788961 -4.59183079206741
2.60927940929292 31.8855534010472 -2.04850001518144
2.49510797109696 30.3261549766793 11.2853259565696
6.95572313402884 75.3363725484109 4.66621157367227
3.35818297074166 38.8774846824553 25.873168432535
2.17985480931659 27.791377550694 28.567344784738
2.26626932746971 27.8819820166039 30.171232502878
9.849806886727 104.480677029106 -5.79320631961625
7.37982932947343 79.4514025068607 24.1195715128624
7.70040296407615 82.140235394036 -8.12167108008028
9.52963336867914 100.844478037781 7.7557566793841
8.34776045390406 89.2099185700245 26.9749413029755
5.56092410402879 60.8907730163223 3.12839819004343
4.58210142511277 51.0377354896862 0.416636105688392
4.27273073460785 48.3622956033997 30.6091001572136
1.87469623645519 24.3248836472933 -3.34140621289483
3.70396228442868 42.4457139445617 -8.11824944057263
6.08013822429797 66.5766092011742 20.0514963694172
5.49794246657445 60.5662994926 11.0752518125444
5.2337424548633 57.9076160316823 30.2385374381051
2.50666899017158 30.9566788990131 9.36075630574893
7.19012653933888 76.9514155917784 29.2400857639056
5.8847464040986 64.3732087489769 -2.66765788101667
0.61517903436318 11.4738334006254 -2.98250752040245
8.7552198527899 92.5830184259826 -9.09041997747127
2.27557119172104 28.3096377593938 30.5621014447133
5.65799588762207 62.4971251418188 -5.58194236372621
5.60643576069928 61.35088341102 -1.83144882561654
9.53647793249626 100.813183110458 6.3290712474447
6.48672356690199 70.4245461588421 12.8818155825612
6.21938399213068 67.6441389180022 30.1484509532283
9.70540126528455 102.062028369692 -8.9281651143794
9.95882303180448 104.923884908917 4.40314808886074
2.9800522326039 35.0753791721684 7.39602949243738
9.38752318898555 99.7632320498476 23.917905483121
8.58788159632148 91.0606871464686 -0.00458775551353696
8.55633756246657 91.464640121735 3.98469383812242
7.97445014677649 84.9320771310726 6.77264936612702
7.37387727907279 79.4957612264791 25.3125251866317
4.33241682238823 48.8155238695776 27.7973223843305
4.03158950146203 45.5309956161422 14.5555974419452
9.02933651721128 95.8675422321937 13.3837358513614
1.08657278461909 16.1654679058128 20.7352799640254
4.25302892212123 48.2811817870865 30.5061550367001
7.94184556210734 84.6373969236077 3.24855977000956
5.56388272488604 60.9845973780095 3.3764217703922
0.285093854696221 8.20017615372031 30.128116132582
2.19259976294246 27.0291190338063 28.9320652921687
8.36983463262353 88.9764754695802 25.9112029423266
5.7373378779036 62.4437709861204 -9.76512662186722
2.38298125555122 29.3034210586813 24.210076372269
5.8149798882831 63.3843874730183 -7.90516988457675
2.40449092170632 29.0572702611251 21.7544378264442
8.27824114736146 88.0299063001667 30.2393036051664
7.28361530644921 77.8868965368535 29.653872974913
6.29987274144703 68.4901578490305 29.469611514092
0.594516223788126 11.9366896717269 -0.673257794267561
8.80432567564924 93.5904217690762 -8.98149203953379
2.1004178097046 26.7298916464391 21.9023886648377
3.05704048013631 36.2720607524412 17.058969124971
4.47693940076316 50.016869334838 13.5063366885373
6.45303316651834 70.2277477002534 16.6754550933149
1.61556223500188 21.9062444240293 -3.04815515807688
3.77020230372729 43.3155849275743 -9.78533871837788
1.2166966969664 17.1808754011639 30.4530958759003
1.30140988980344 18.8168226992081 29.4765910006475
1.12248777797067 17.178602051748 24.6992660555822
7.85965985063989 84.0153288033572 -4.80825298184313
4.55793698515418 50.6196963416757 3.18845511188508
5.8691343868982 63.8512154454727 -4.63253367574353
7.22287454628034 78.1291311750057 30.045625276574
0.888452350583933 14.3651893674395 -2.51118660081768
3.26334960812883 38.2882939014383 30.0900784032963
3.96367527099756 45.2759821849823 5.43817540729373
7.14770715825797 76.7098427290001 26.3734052104084
5.57073246109546 61.0908211910908 2.35497791886261
1.42814725848165 19.4756525410295 19.3261887973595
7.95498480371677 85.2411920048804 4.40666685015378
7.27783559420889 77.948327010279 29.8544170622968
6.88282770459217 74.6840091118847 -2.79955018223332
6.26799045269816 68.4256595551117 30.8327803260785
6.19034102198242 67.178439560474 29.3036080996971
9.37898834423283 99.6392572601936 24.2983272233679
9.80562777618125 103.283947354851 -8.69746019522905
9.80644173057652 103.479022844091 -8.61508933866306
7.32834871106334 79.2567825082901 28.612153305413
7.36020687337888 78.751209022435 26.0572800617134
6.88878033864405 74.3106572831867 -2.81618733703225
0.282564871554563 8.48242284727463 30.3043238472983
8.75383809626953 92.7794275263829 -9.09363267639511
5.42760530047122 59.3542283095515 19.3003858468034
3.03870288440116 35.635632079221 14.8888582604736
5.86186529112307 63.6252072369926 -5.17138868575023
4.52035038219478 51.0250585357074 7.74174437878456
8.74541808586319 93.3576094758903 -9.92814837650377
8.57839144982769 91.7658710276929 1.92347773372423
8.5064804880221 90.7960544353229 9.97214374600036
1.26071182941388 18.176742637008 30.1911190108119
2.13543457074042 26.5803339593044 24.9827022386984
1.0609440400426 15.7082352689245 18.0927359662336
5.62970208137454 61.6164126607933 -4.11899152678308
1.73426354926804 22.4975274087784 -8.95879614175141
9.03983553139486 96.3587690336972 14.4212450211581
6.86288318723719 74.6068724717754 -4.57241016792679
4.75562173130552 52.6027978542936 -9.26803216230062
7.88577324278208 84.6576966359157 -3.37656923410625
8.63059663112939 91.3371017215602 -3.96870694109049
6.02877374773691 65.9395464077435 13.8519183631856
5.00077020192816 55.2692142838633 10.3233141894649
2.93879833485491 34.8685943182372 2.46603548232791
1.35420989512884 19.4545323625832 26.3746938524273
6.94505446730695 74.5981704507943 2.82102193184866
4.30864012684591 48.221428699556 29.023458495012
3.81693798464966 43.178248005537 -8.23058239482958
3.73045022474646 42.7177953336813 -9.30329318280338
0.41695063571602 9.94065814493274 20.0995210064688
3.36127679952863 39.4683404147077 26.1891657679308
6.48039491258274 70.3028861838355 13.1712848310745
9.34898263220536 98.7658063798976 27.1396824227804
7.80507593526416 83.3082207356814 -8.28856219321929
3.66976565906409 41.8183784411568 -6.95625507086799
2.20170749847114 27.7458896584268 29.0775167398321
0.792220439703222 13.7422272570931 -9.13472909324867
2.7138799888592 32.274187514998 -9.0697935057273
6.05626820086865 65.6112306157802 16.7323756493595
8.72129879924486 92.6536577057401 -8.79145939255908
3.81520827333393 43.6979342186361 -7.72975296101156
5.94721975629319 65.293901544253 3.35875991307072
6.47683793696043 70.4121513366136 13.9064700426157
7.17726263316678 77.0100952604202 28.5067979886849
1.28536941710326 17.8645976119436 30.4617952024142
5.16054343762356 57.5237273591956 27.7365818174696
3.63291288635519 42.156861891332 -4.2694057091122
0.969958305724532 14.9336016288821 6.80184115694302
6.97242810061656 75.2480207992165 6.40396473393946
2.91674054500568 34.4810501868602 0.418010184636255
9.16020901803986 97.5532832214558 27.3596050154678
2.79465553526961 33.2401032384203 -8.69282742581384
3.72114670075451 42.2701180925374 -8.91824552380841
4.23464692395207 48.3335745796117 30.2309107287699
8.29055822181044 88.0300331348434 30.4390952486689
9.16755029907605 97.2222368042415 27.1771035048042
3.36990876782895 39.6853787091764 24.745033818976
9.71526436680996 102.889345758488 -8.78866195366382
1.02262287103084 15.8631612693089 13.5755013257395
0.313601287776635 9.08954408805142 28.6308301836232
7.12358436532401 76.8646872209654 23.7053334859515
5.91947669025295 64.5596959191827 0.41450919739918
0.12270499107597 6.23874333408494 24.5377102050494
6.42920605310692 69.460649193553 18.9977377273063
1.17023756437849 17.2891459044652 27.9116333405566
6.79968336977375 73.4836118519104 -8.79588917680098
9.16212958286703 97.3308441258187 26.7817572186501
7.4478863855478 80.1108931589128 17.7167750677581
7.96253018465382 84.8511411088521 5.77343082123095
0.0723436625440144 5.72855602351385 19.3183696053537
7.58174689748909 81.1374943443542 0.615873556854202
2.61077458980466 31.194712526416 -2.37629155786898
4.67434414715772 52.3007595585023 -7.62218938261729
9.84369423057366 103.661152329014 -6.80966691268291
9.09954554040038 96.9515921332131 21.7624636565009
2.68242676209667 31.8899576576667 -7.45812325607994
6.39314022695675 68.9936117096424 22.9774426748696
1.42038722385585 19.6498466028573 19.9095493411948
8.1305253271999 86.3132943529366 24.4969274372899
2.58172653895215 31.782016881294 1.14388333247315
8.2145966895121 87.4413531976731 29.6353456927179
8.87275922312547 94.706022249894 -4.23057171467289
7.09892394231442 76.9441376747981 22.2403770796541
5.76152370761633 62.9215831716948 -9.7957670421818
1.7575803886108 23.0982823563504 -9.11896201944089
8.86189999898754 94.2723195751077 -4.88951051148621
6.26545279229799 68.0838334703356 30.5507568009481
5.83206716827519 63.8755850243876 -6.97323442194834
2.99769852154075 35.2552770744355 9.79423915142109
1.75240934348871 23.4561751218399 -9.68890280585808
9.98395312170654 105.405795981184 8.19572975389959
1.86388164308454 23.9424915785589 -4.59460879990869
8.60351450327091 91.8843381921903 -1.37579364555749
9.83922589670861 103.708841133176 -6.48110238667716
7.00416159671743 75.07874819632 10.2104434836046
4.425892861466 50.1390579028653 19.8662247029029
2.12168946094895 27.1708245417068 24.1574947271593
2.31644954963947 28.4382166928119 29.0455869535922
2.7551532848079 32.8553370525414 -9.89433805943036
1.83346734029158 23.3756387689981 -6.67997976335574
2.96028478801691 35.2831669140141 5.18438063779221
2.57467428050113 30.7874477425977 1.29150990474869
3.52633739288887 40.3250868213352 7.40480902843905
4.13649094642651 47.1333822514365 25.3096038066627
4.82143415867117 53.517880004706 -7.30782009506093
8.66576679970514 91.8270345765234 -6.8409658029916
3.50219539630981 40.6731096636775 10.0650995135101
4.12630580263482 46.8227071736985 24.7407999845324
4.28751851325632 48.2868730609745 30.187025749911
5.92378376393548 64.5095991377427 0.642382782763477
7.93960042210738 84.6770331363243 3.06270284307575
4.85764840107507 54.1441348337514 -5.41905859484526
9.01455790848335 95.8095868389197 11.6811371286788
8.35008219725474 88.7838620587366 27.4034394216065
8.98261906676534 94.9762287312404 7.4897581901671
5.86182364652359 64.1673246465694 -5.21773915520527
1.37222290810076 18.7689268933385 24.5048279792833
4.50065975177374 50.4149874474736 11.1722642587447
4.11300035658495 46.3176411365081 23.2124706579529
1.08310058906042 16.3914694026117 20.1678770160862
1.42486849482314 19.3812664753671 20.0724867722029
4.26412917723873 48.0163734968805 30.0622644975905
2.80267942253484 33.9637076348361 -8.19165500241514
0.533366448238155 10.8213278197599 6.70879409297263
0.499258437934778 10.2202767188706 10.8297921707834
5.56800047289435 61.0641756436243 2.4167229968883
1.17889378615626 17.4167787171683 28.2703244036857
1.38081680272663 19.5812740254768 24.215630483345
6.95288077803699 74.9847026668331 4.16391783768659
8.14638029117198 86.7881977876009 26.099152794243
1.38800606374414 19.2322373963641 23.0453233873329
8.53603214608654 90.9598646081506 6.93389586459335
1.45640871589581 20.0835113367091 15.6568576067527
3.9598168761318 44.6560025681506 5.19860989908966
5.6496765176065 61.8546736719824 -5.3076956553076
7.36108501567273 79.11647798425 26.3667667541259
3.54313884127269 41.1595377612428 4.91750199775541
7.56258577515361 81.0827754393528 3.05950857660834
0.871210340724211 13.997884934364 -3.88070765788338
3.71097821270297 42.2483571035551 -8.95496559906872
1.35909343498401 19.325667081157 26.3678068160322
2.01774238512506 25.1961058573152 12.993172134542
9.1290459795901 97.2144006169566 25.0014197915249
7.64712387225089 81.4915490208283 -5.01719502352358
5.56560864823613 61.145910620849 2.50780136656468
7.18802770931752 77.1977738496423 28.6004837681813
0.65053030440108 11.5623029226715 -5.48607066320196
4.58387593733164 51.5653226613648 0.955362349588636
7.8910988325207 84.0670317603092 -2.04871441876936
3.17221913326868 37.6260781437656 27.7569097592606
7.3181721511089 79.0093427755042 29.275887061608
0.804215566346755 13.4410732624014 -7.94985776837341
7.68349228603117 82.763598638405 -7.40876065254531
6.07153420230738 66.7113144490302 18.8138017072993
6.68805581110458 72.73411409518 -7.61492307113451
2.89120078293962 34.5697775448728 -2.52027532696939
2.35652832367425 29.4788055969379 26.1358267076607
0.387737924860048 8.90968597986398 23.666672616259
4.42535855651879 49.3431078727154 20.0219932298994
3.06811888678581 36.3049117229833 18.9404123411358
2.3223929923012 29.0628091139933 28.5955588050891
9.37093865936966 99.5200544365043 25.9007059132181
9.61802938726489 101.256953151006 -2.93390003101579
4.34156340800257 48.650424055009 27.8076603760942
8.92450406577201 94.7767370915587 0.614649082412557
4.21669979353673 47.2532449881299 30.0394171375832
5.18347799503328 56.8995726993658 28.5263507764235
2.03578733170943 25.8077788401607 15.18123333549
7.18583829089116 77.6503980686836 28.6693917588837
5.79380981765873 63.5017048933305 -8.68709172508193
9.42517158446545 99.6052197268524 20.4969669252965
7.35030156780709 78.8260486357239 26.6737677245285
9.62197834011722 101.970859540098 -3.05991544411316
9.66935765409765 102.411658807153 -7.03108525427018
4.46267079769296 50.329676218711 15.1448229287064
6.24118281926442 68.0301900685445 30.7035515756456
4.77974668524897 53.4126773836909 -8.74120475331835
0.658918857347501 12.3008561249936 -6.40232250966509
9.82993268032114 103.786916215871 -7.66737227687563
4.71406873511341 52.5425350077524 -8.52250307478791
4.99134176302949 55.0832117510846 8.9786507784546
6.50768716880172 70.3997934638383 9.48337583945235
1.93649652976955 24.7392764016135 2.47493946383211
2.73624114694982 32.7705771139052 -8.96725783244933
3.61350148378481 41.8921039662064 -2.74812802017649
9.11305052213756 96.7770201433343 22.6916662218968
1.58202570565035 21.0400145248155 0.761167295548685
0.858170905022178 14.0316229459937 -4.77711120961576
7.87834346282768 83.8159343197879 -3.41479039876424
3.90892657423784 44.8907728653372 -0.840379860283051
6.41793318157323 70.0888312880487 20.2376108613116
0.431810976964613 9.76497095448093 19.1803553795533
0.637873456407227 11.8300274555721 -4.62025286684402
4.59440580776239 51.7875892634941 -0.224499200141491
4.61554890340974 51.5246161737873 -2.61797006235856
3.39291867388908 38.9600198782418 22.8262713160935
2.55216648447391 31.1413906292223 4.34843418377529
7.71991583985987 83.1384451665337 -8.5529903064701
1.32732101563203 18.8908600855378 28.286968876007
6.02565374990021 65.3410043584386 13.6909914835901
6.56011214645478 71.3613057959715 3.07232986407983
4.12798440207759 47.205948852777 25.1980762628004
4.45845884986053 50.2977404553671 16.4057472295951
2.25627730713114 28.5046990454997 30.0725281026648
3.28332980859745 37.9939695604423 30.5145804119011
6.73625615428044 72.4106838314345 -9.81011093969632
9.28755136321211 98.6350854275532 30.4592956325329
1.85435755412144 24.0370871689751 -5.01570084466797
9.94410378724186 105.038980814309 3.14881631272685
4.4699756853317 50.3962713310361 14.5160108480356
8.41610859343486 90.010895682431 21.1473613283363
2.69861313576826 32.7411945266128 -8.07033934072928
5.61641649661727 61.1699847070485 -3.08443486771176
3.5907013604173 41.6633512693292 0.124124613547401
0.0625037881475166 5.88385322744426 18.5061486785552
0.953283603179642 15.5154591910416 5.14065021078697
2.45857189743763 30.2783387544495 15.8591236807578
1.48732772421148 20.7815575846967 12.5878319231514
1.86301829177122 23.8926588664475 -4.35757634180444
9.78135024654392 103.326429992456 -9.61774396905081
9.87345559868192 104.687592701327 -4.01936648643566
5.9230835855859 64.5216669890779 0.559672814420315
1.96293816094833 24.96187187593 6.05409347330198
3.99342959860192 45.7394270761761 9.81655864662789
6.27887475449658 67.9395635314865 30.007302597107
9.46530431825529 100.650281019023 15.8990309923364
4.47899895238745 50.6693094805527 13.8549323466975
1.91486705546879 24.8960946174069 0.413097641682828
9.91011358614561 104.222911071945 -0.284294196242922
4.52946593763208 50.566386277385 7.60033491083164
2.43975131115587 29.6145078427055 17.8983890909748
5.58635988039995 60.8704431644282 0.559976320711044
5.47803207035972 60.6168232822187 13.3592551528019
7.27998078222846 77.9495285357387 29.8555526244237
0.455203007460305 10.1361332741993 16.0148781042331
9.25197797963079 98.3788061383436 30.5978453396531
0.820679195299086 13.82152386562 -7.42612567971263
7.15110576319852 77.44660946942 26.2854071605039
8.86771105091366 93.9278200552087 -4.86809420555099
3.70811789264238 42.6697858048599 -8.59697231769371
6.26019131864499 67.7690136004986 30.7091969369094
4.55426977305429 51.5088217856127 4.07288639233191
5.57262857818014 61.1203324186784 2.17839244688594
9.48186104711567 100.555277613896 13.8480651003721
7.14915369407425 76.8863210776934 26.0162290627974
9.46420258921869 100.459205942643 15.1861402894972
5.49348348772309 60.1912107400951 11.9261548282069
5.69030211643437 62.3624522386086 -8.39947818786439
6.09482228754562 66.1135136586298 20.9874371562662
3.03520909489443 35.9288411081152 14.8080641786219
7.62005740914955 81.5735485753087 -2.49445108571013
8.73530790988156 92.6604309991884 -9.24678831793008
8.21258670844106 87.4631257490201 29.6258927630162
8.66929549373218 91.9467510271955 -6.53124337427919
7.17997266935225 77.2400157254666 28.0766802999817
7.3612522476482 78.9374766909945 25.9652920291511
9.20250655765532 97.7091942284829 29.2092481355991
6.4868840409725 70.2530636327574 12.5015377544251
4.87035957829473 54.4978257905916 -4.01048291392143
8.91568834943143 94.6398772138107 0.0218164231539539
9.37912587021561 99.0848203991029 24.4239149203206
9.85456527711499 104.171538088716 -5.71490029411076
4.92469472886693 55.140552514402 1.18574610153432
8.49255802174852 90.7192378816583 11.5897101974474
5.42326672893896 59.8785494285032 20.0341495052144
6.38749745573456 69.5178660792227 23.48108338567
0.273551212758285 8.34341043512834 29.8504370849098
4.81103699012721 53.829408943243 -7.79101629086085
7.56707667299811 80.8926922778915 2.54881404725832
1.02018742981862 15.2226421019391 12.6629281629569
2.16311182275245 26.8740897528347 27.284600187278
7.71586871305615 82.7484217242128 -8.98394205899716
1.2659583460675 18.5612068352811 29.9227239813936
0.650741325940274 12.3479318558977 -6.13777157770442
6.65194456624217 72.4201057155962 -5.39916053718747
4.82118555998909 53.3271289764793 -7.29932936436
5.84259704795944 63.4304747311669 -6.29253402732962
9.30127251771175 99.0061750959359 29.5074789424367
4.58855428009496 50.9388970273267 0.351507537914321
3.52224696079404 41.0591565493932 7.77876833321028
